6.588659286499023
6.44920539855957
6.267864227294922
6.088213920593262
5.910157203674316
5.6910247802734375
5.5789594650268555
5.42079496383667
5.2440876960754395
5.125746250152588
4.986517906188965
4.877266883850098
4.857565879821777
4.738576889038086
4.63877534866333
4.5942535400390625
4.539245128631592
4.600009441375732
4.530946731567383
4.535271167755127
4.404899597167969
4.433135509490967
4.32456111907959
4.28656530380249
4.388464450836182
4.450614929199219
4.28626012802124
4.193422794342041
4.191681861877441
4.354108810424805
4.136804103851318
4.187900066375732
4.198652744293213
4.132143974304199
4.205874443054199
4.151113510131836
4.191034317016602
4.098897457122803
4.063464164733887
4.07982873916626
3.9761972427368164
3.938076972961426
4.079829216003418
3.8274850845336914
4.062173843383789
3.96181583404541
4.015357971191406
4.013558864593506
3.847301959991455
4.003262996673584
3.7454607486724854
4.023697853088379
3.8427302837371826
3.6762337684631348
3.845959424972534
3.777609348297119
3.6914520263671875
3.632075071334839
3.85026216506958
3.9267518520355225
3.8032655715942383
3.803307056427002
3.738140106201172
3.6864848136901855
3.7350785732269287
3.62560772895813
3.855490207672119
3.6617259979248047
3.6802752017974854
3.7956321239471436
3.623522996902466
3.7592501640319824
3.540274143218994
3.5568878650665283
3.477631092071533
3.495509386062622
3.5392749309539795
3.6170103549957275
3.7368152141571045
3.5481793880462646
3.4793317317962646
3.4664456844329834
3.4834868907928467
3.5349113941192627
3.5714962482452393
3.598219394683838
3.436108350753784
3.531294584274292
3.4543604850769043
3.45503306388855
3.223405122756958
3.3623862266540527
3.5420572757720947
3.2806265354156494
3.4995474815368652
3.4280412197113037
3.2313780784606934
3.3342108726501465
3.409682035446167
3.4130091667175293
3.3378026485443115
3.3551454544067383
3.2858049869537354
3.343407392501831
3.4333372116088867
3.311030387878418
3.1803832054138184
3.4469213485717773
3.37459135055542
3.2647509574890137
3.153318405151367
3.2824676036834717
3.2245564460754395
3.253610134124756
2.9989449977874756
3.336097002029419
3.284560203552246
3.293933391571045
3.0493791103363037
3.3179972171783447
2.998102903366089
3.075847864151001
3.1781303882598877
3.190207004547119
2.973080635070801
3.071808338165283
3.1044015884399414
3.0832765102386475
3.112499952316284
2.9085702896118164
3.0808005332946777
3.1267001628875732
3.1992993354797363
2.8562545776367188
2.993957281112671
2.9389779567718506
3.0713095664978027
3.0883002281188965
2.9471583366394043
2.9430251121520996
3.0180208683013916
3.085087537765503
3.0011043548583984
3.054730176925659
2.8653883934020996
2.9498131275177
2.8304319381713867
2.952741861343384
2.769685745239258
2.6465656757354736
3.0303382873535156
2.7967255115509033
2.85563063621521
2.8845701217651367
2.8634281158447266
2.775733232498169
3.016935110092163
2.7537014484405518
2.7209479808807373
2.8616881370544434
2.934673309326172
2.8679358959198
2.7704973220825195
2.7428691387176514
2.6729981899261475
2.8371241092681885
2.75992751121521
2.651259660720825
2.717556953430176
2.6585500240325928
2.8949899673461914
2.7294485569000244
2.558772563934326
2.657600164413452
2.6803736686706543
2.6415843963623047
2.664996385574341
2.7282772064208984
2.5572049617767334
2.5145390033721924
2.552395820617676
2.57427716255188
2.6585826873779297
2.612971305847168
2.5550737380981445
2.345794677734375
2.558259963989258
2.5596120357513428
2.6291959285736084
2.651611566543579
2.3926734924316406
2.5962743759155273
2.4982717037200928
2.486464500427246
2.4961912631988525
2.441502332687378
2.4035329818725586
2.510881185531616
2.4288644790649414
2.4622507095336914
2.4914472103118896
2.364936113357544
2.401780843734741
2.4017934799194336
2.488128185272217
2.353125810623169
2.4085679054260254
2.2513816356658936
2.2330501079559326
2.3388307094573975
2.3562920093536377
2.3552191257476807
2.234598398208618
2.5420567989349365
2.3277034759521484
2.246293067932129
2.249422550201416
2.351203680038452
2.196502923965454
2.2840328216552734
2.1808488368988037
2.2705304622650146
2.31744122505188
2.220801830291748
2.0893895626068115
2.2511491775512695
2.353483200073242
2.1306848526000977
2.2320196628570557
2.2049472332000732
2.2329747676849365
2.1619527339935303
2.1757285594940186
2.207401990890503
2.1999571323394775
2.221228837966919
2.162097930908203
2.2340996265411377
2.1121039390563965
2.010087013244629
2.1246819496154785
2.2827460765838623
2.1548101902008057
2.0730526447296143
2.095513105392456
1.9675660133361816
2.054425001144409
2.1009724140167236
1.9562923908233643
1.9783185720443726
1.9613009691238403
1.9739389419555664
2.018000841140747
1.9849462509155273
2.1769566535949707
1.9001387357711792
1.8209120035171509
2.0567734241485596
2.009152412414551
2.0984251499176025
1.892841100692749
1.9994758367538452
2.0220274925231934
1.7818591594696045
1.939123511314392
1.861150860786438
1.7616108655929565
1.9220280647277832
1.90231192111969
1.7977409362792969
2.0191142559051514
1.9381381273269653
1.8259953260421753
1.8885396718978882
1.8769140243530273
1.7273812294006348
1.820306658744812
1.8864903450012207
1.855647087097168
1.6784390211105347
1.7398186922073364
1.851068377494812
1.7576626539230347
1.6969178915023804
1.823344111442566
1.7078361511230469
1.770317792892456
1.8274726867675781
1.714601993560791
1.7485238313674927
1.7412424087524414
1.7906477451324463
1.7167669534683228
1.6858340501785278
1.6214393377304077
1.6504780054092407
1.7641117572784424
1.6235581636428833
1.6560226678848267
1.8511886596679688
1.6422533988952637
1.5531105995178223
1.6069477796554565
1.6759147644042969
1.74253511428833
1.6425065994262695
1.6739733219146729
1.56235933303833
1.5936145782470703
1.6240897178649902
1.5984039306640625
1.444627285003662
1.5071616172790527
1.5446199178695679
1.6281026601791382
1.5455979108810425
1.5117884874343872
1.751284122467041
1.5153461694717407
1.4320842027664185
1.628025770187378
1.3882791996002197
1.5109869241714478
1.5674718618392944
1.6399035453796387
1.573398232460022
1.5860669612884521
1.5264787673950195
1.5352797508239746
1.4039303064346313
1.483377456665039
1.5806456804275513
1.354056715965271
1.6195310354232788
1.449493408203125
1.436806321144104
1.6379131078720093
1.4290869235992432
1.4511278867721558
1.4500014781951904
1.4433395862579346
1.4030059576034546
1.425613522529602
1.445547103881836
1.4212981462478638
1.4308973550796509
1.4602466821670532
1.3249289989471436
1.4113894701004028
1.2837733030319214
1.3624565601348877
1.2986949682235718
1.3669211864471436
1.47855544090271
1.4496458768844604
1.3719251155853271
1.3174020051956177
1.435568928718567
1.3745182752609253
1.3974331617355347
1.361659288406372
1.2061578035354614
1.3856936693191528
1.353986382484436
1.2556614875793457
1.2413439750671387
1.3128811120986938
1.3396735191345215
1.3429125547409058
1.378720760345459
1.267056941986084
1.1955335140228271
1.216463327407837
1.2986270189285278
1.1824537515640259
1.2559832334518433
1.2614223957061768
1.3588541746139526
1.1950392723083496
1.2144267559051514
1.1975308656692505
1.2614476680755615
1.2181792259216309
1.1100914478302002
1.1402536630630493
1.1824872493743896
1.2104179859161377
1.1137536764144897
1.1414124965667725
1.125546932220459
1.2027956247329712
1.1901293992996216
1.1411337852478027
1.1183055639266968
1.1638296842575073
1.1013044118881226
0.9768619537353516
1.197019338607788
1.1524049043655396
1.1098368167877197
1.081000804901123
1.0622376203536987
1.191807746887207
1.1569961309432983
1.0900901556015015
1.0788685083389282
1.113044023513794
1.0965368747711182
1.1479289531707764
1.21030592918396
1.1646528244018555
1.093933343887329
1.124772548675537
1.1497218608856201
1.115709900856018
1.1515856981277466
1.0391277074813843
0.9652950167655945
1.151606798171997
1.1245663166046143
1.001512050628662
1.067497968673706
1.001009464263916
1.0541869401931763
1.0809746980667114
1.0278264284133911
0.9668326377868652
1.0246363878250122
1.02945077419281
1.0545787811279297
0.9919765591621399
1.0454314947128296
1.075921893119812
1.0392769575119019
1.0625628232955933
1.0147596597671509
1.0216946601867676
1.0500775575637817
0.9923213124275208
1.0332605838775635
0.9571059346199036
1.0164124965667725
0.9520572423934937
1.0192852020263672
0.8900920748710632
0.9907488822937012
1.0782901048660278
1.0044622421264648
0.9474672675132751
1.0170676708221436
0.9811174273490906
1.009534478187561
0.8887255787849426
1.0334277153015137
1.0175317525863647
0.8733873963356018
0.9533596634864807
1.0141164064407349
0.968837559223175
0.9315927028656006
0.9783002138137817
0.9381192326545715
1.0425187349319458
1.0017552375793457
0.9416531324386597
0.9581212401390076
0.8892345428466797
0.9593103528022766
0.9334280490875244
0.9470568895339966
0.9577480554580688
0.9216493368148804
0.9176943302154541
0.812860906124115
0.8699182271957397
0.9044805765151978
0.8867538571357727
0.9083435535430908
0.8108755350112915
0.8745441436767578
0.9469414949417114
1.0050281286239624
0.8332937955856323
0.9177272915840149
0.8920604586601257
0.8704712390899658
0.8923048973083496
0.8839322328567505
0.8764508962631226
0.9192061424255371
0.8771291375160217
0.7579895853996277
0.9178524613380432
0.8347099423408508
0.9059527516365051
0.9057601690292358
0.8733154535293579
0.9026243686676025
0.8521674871444702
0.8243246674537659
0.8572127819061279
0.8176156878471375
0.8802370429039001
0.8552476167678833
0.8339022994041443
0.8364052772521973
0.838631272315979
0.8373135328292847
0.8668145537376404
0.8473633527755737
0.8182167410850525
0.8514947295188904
0.8115860819816589
0.7931230664253235
0.8007904887199402
0.848300576210022
0.7912346124649048
0.8766903281211853
0.752765417098999
0.7407221794128418
0.7909321784973145
0.8030120730400085
0.7796540260314941
0.78739994764328
0.7799006700515747
0.8725135326385498
0.8082959651947021
0.8138359785079956
0.8173553347587585
0.7832817435264587
0.7937265634536743
0.7600643038749695
0.7685482501983643
0.793480396270752
0.7979528903961182
0.7535274624824524
0.8145656585693359
0.7587918043136597
0.7833031415939331
0.7854064702987671
0.7414465546607971
0.7278291583061218
0.7411420941352844
0.811805248260498
0.7774305939674377
0.8174334168434143
0.742473304271698
0.7771244645118713
0.7350652813911438
0.7696870565414429
0.8006145358085632
0.8001489639282227
0.7927844524383545
0.7292049527168274
0.8003547787666321
0.7418415546417236
0.772050142288208
0.7635276913642883
0.7366939187049866
0.7554894089698792
0.7512645125389099
0.7285720109939575
0.6702120304107666
0.7213180661201477
0.732779324054718
0.7136613726615906
0.7684729695320129
0.774127185344696
0.7925264239311218
0.7276279330253601
0.7425591945648193
0.6910301446914673
0.7073894739151001
0.7892631888389587
0.7355694770812988
0.7014668583869934
0.6481611728668213
0.6583964824676514
0.7041029334068298
0.7626210451126099
0.7362248301506042
0.6915044188499451
0.7441957592964172
0.7207527756690979
0.6615103483200073
0.6485605835914612
0.6895688772201538
0.6492328643798828
0.6850003600120544
0.688060462474823
0.7580165266990662
0.6979608535766602
0.7053919434547424
0.7204542756080627
0.6800300478935242
0.7281580567359924
0.7213442325592041
0.7184135913848877
0.6331640481948853
0.6775676012039185
0.7057802081108093
0.6849150061607361
0.6587644219398499
0.7248927354812622
0.649804413318634
0.689760684967041
0.6528522372245789
0.6761279702186584
0.6393861770629883
0.6850840449333191
0.654479444026947
0.6796252727508545
0.6141247153282166
0.6360011100769043
0.6679660677909851
0.6878814101219177
0.6677185297012329
0.6486735939979553
0.6729660630226135
0.6572192907333374
0.6838201880455017
0.6464730501174927
0.6679064035415649
0.6693278551101685
0.6692910194396973
0.6585861444473267
0.6560512185096741
0.6305286288261414
0.656368613243103
0.6091288328170776
0.6831172704696655
0.7447858452796936
0.6436294913291931
0.6285541653633118
0.670195996761322
0.5854377746582031
0.6695700287818909
0.5856068134307861
0.6504014134407043
0.6903575658798218
0.6437053084373474
0.6272194385528564
0.6622161269187927
0.6422250270843506
0.629228949546814
0.6190658807754517
0.683979332447052
0.6321846842765808
0.6526447534561157
0.6576164960861206
0.6025067567825317
0.6560256481170654
0.6163252592086792
0.6360580325126648
0.6503317952156067
0.6412909030914307
0.5987361669540405
0.6320680379867554
0.6178998351097107
0.624786376953125
0.6297552585601807
0.6190811991691589
0.6047270894050598
0.642937958240509
0.6033180356025696
0.6735506057739258
0.6894347667694092
0.6187049746513367
0.5921232104301453
0.6124269366264343
0.6413397192955017
0.6130350232124329
0.5659536719322205
0.6221893429756165
0.6014328002929688
0.6387917995452881
0.6129487752914429
0.5702366828918457
0.618857204914093
0.600227415561676
0.615820050239563
0.5847679376602173
0.6040208339691162
0.6316456198692322
0.6048879027366638
0.640132486820221
0.6090264916419983
0.5896642208099365
0.6416086554527283
0.6190968751907349
0.5900140404701233
0.5890593528747559
0.6231798529624939
0.580635666847229
0.6011078357696533
0.6023857593536377
0.569025456905365
0.5516181588172913
0.6037248373031616
0.5795077681541443
0.5713375806808472
0.5518497824668884
0.6085114479064941
0.5721835494041443
0.5860019326210022
0.5453960299491882
0.5626273155212402
0.5973083972930908
0.6111615896224976
0.5840131640434265
0.5764104127883911
0.5541125535964966
0.569519579410553
0.5220143795013428
0.5541536211967468
0.6021444201469421
0.5984002351760864
0.5136415362358093
0.5817824602127075
0.5130159258842468
0.560747504234314
0.5715122818946838
0.5963791608810425
0.5537368655204773
0.5570334792137146
0.5658753514289856
0.635779619216919
0.5478131771087646
0.5622307062149048
0.5392288565635681
0.5717085003852844
0.5936630964279175
0.5453219413757324
0.5730553269386292
0.5664215087890625
0.5938296318054199
0.5571895241737366
0.5879886746406555
0.5515059232711792
0.520883321762085
0.5280383825302124
0.56281977891922
0.526252806186676
0.5552535653114319
0.5657497644424438
0.5819829702377319
0.5002813935279846
0.5580968856811523
0.5224897265434265
0.5305981636047363
0.5734156370162964
0.5652486085891724
0.5242026448249817
0.556588351726532
0.5547339916229248
0.5327686071395874
0.5221809148788452
0.5554210543632507
0.5286691784858704
0.5686721205711365
0.5457737445831299
0.5372863411903381
0.518832802772522
0.5730579495429993
0.5663219690322876
0.5310513377189636
0.5398423671722412
0.5111457109451294
0.5596782565116882
0.5346238613128662
0.5057277679443359
0.5531578063964844
0.5203012228012085
0.5277087688446045
0.5604991912841797
0.5199174284934998
0.4981951415538788
0.5255834460258484
0.5417706966400146
0.5471384525299072
0.5043853521347046
0.5432321429252625
0.5523752570152283
0.4956289231777191
0.5266302227973938
0.5438216328620911
0.5606891512870789
0.5570626258850098
0.5041642785072327
0.5184846520423889
0.5143625736236572
0.536340594291687
0.5444886684417725
0.5295683741569519
0.5280307531356812
0.5319169163703918
0.486194908618927
0.47945109009742737
0.5142423510551453
0.4769793152809143
0.5200924277305603
0.502193808555603
0.5375310778617859
0.4717525839805603
0.4919280409812927
0.5302237272262573
0.4988897740840912
0.5125418901443481
0.5373256206512451
0.526179313659668
0.5479065179824829
0.527344286441803
0.5375035405158997
0.5300409197807312
0.5057685971260071
0.48574399948120117
0.5230922102928162
0.5110688209533691
0.47677841782569885
0.4738684594631195
0.5055484175682068
0.4988941550254822
0.4926169216632843
0.5246399641036987
0.4756377339363098
0.47745856642723083
0.5209797024726868
0.49889686703681946
0.49961230158805847
0.48169490694999695
0.5213470458984375
0.49331894516944885
0.4763546586036682
0.5029622316360474
0.5111055970191956
0.48097488284111023
0.4799383580684662
0.5180565118789673
0.5354185104370117
0.530965268611908
0.5719171762466431
0.5031778216362
0.503200352191925
0.49248847365379333
0.5096526741981506
0.48005321621894836
0.4701499342918396
0.49910587072372437
0.47325390577316284
0.5088690519332886
0.45866021513938904
0.510339081287384
0.472133994102478
0.4773002564907074
0.48896777629852295
0.5135294795036316
0.4676854908466339
0.4979963004589081
0.5447219610214233
0.4870339632034302
0.48680567741394043
0.4592668414115906
0.4942612051963806
0.4573577046394348
0.5059146881103516
0.4780828654766083
0.4637092053890228
0.4812695384025574
0.5181725025177002
0.4900360703468323
0.4303050637245178
0.487815260887146
0.4855881929397583
0.4877104163169861
0.5009825825691223
0.4765518307685852
0.49881935119628906
0.48843976855278015
0.46323081851005554
0.4954930245876312
0.47678542137145996
0.47565722465515137
0.5221551060676575
0.4953732192516327
0.452496200799942
0.4688202142715454
0.47101059556007385
0.5069470405578613
0.49723392724990845
0.48216673731803894
0.45815539360046387
0.46874499320983887
0.47983378171920776
0.4667159914970398
0.4771653413772583
0.47029462456703186
0.4908619523048401
0.44088461995124817
0.42376241087913513
0.47872719168663025
0.44596511125564575
0.44602203369140625
0.4836105406284332
0.4535892605781555
0.45468375086784363
0.4954008162021637
0.45631682872772217
0.4624149203300476
0.4820014238357544
0.48654991388320923
0.455753892660141
0.46636074781417847
0.4783463180065155
0.4408662021160126
0.4603640139102936
0.49142250418663025
0.45520585775375366
0.45893263816833496
0.45906805992126465
0.43848517537117004
0.4819275140762329
0.42468899488449097
0.4624772071838379
0.4132419228553772
0.4470648765563965
0.4599789083003998
0.4441191852092743
0.46305230259895325
0.41544169187545776
0.41703158617019653
0.47653359174728394
0.45867836475372314
0.44641441106796265
0.4674707353115082
0.44866105914115906
0.4184456765651703
0.43980926275253296
0.43034785985946655
0.4743155241012573
0.4225156307220459
0.4515160918235779
0.47752252221107483
0.4105014204978943
0.4629081189632416
0.43180838227272034
0.40631309151649475
0.47979873418807983
0.43101274967193604
0.44665226340293884
0.47541576623916626
0.4558925926685333
0.43492335081100464
0.43855127692222595
0.41990938782691956
0.45082929730415344
0.4289056062698364
0.4488014578819275
0.42488253116607666
0.44796034693717957
0.44266775250434875
0.466128408908844
0.4170139729976654
0.4395826458930969
0.46335723996162415
0.41943490505218506
0.4338667690753937
0.4545062780380249
0.45720887184143066
0.45433861017227173
0.44890880584716797
0.4499284327030182
0.42775222659111023
0.4073900282382965
0.4303222894668579
0.4032450020313263
0.42724430561065674
0.4561096429824829
0.42481186985969543
0.43334755301475525
0.43070727586746216
0.41858938336372375
0.4439617693424225
0.42559555172920227
0.41845062375068665
0.41025564074516296
0.4218287467956543
0.4256836175918579
0.48376670479774475
0.41092729568481445
0.42148879170417786
0.42022883892059326
0.4234454035758972
0.4419820010662079
0.475934237241745
0.4429022967815399
0.42733219265937805
0.4212355613708496
0.4575766921043396
0.44675785303115845
0.430610328912735
0.4495484530925751
0.4207030236721039
0.41219964623451233
0.4145779609680176
0.40672367811203003
0.404354453086853
0.4383144676685333
0.4153146743774414
0.4122418761253357
0.4104359447956085
0.45549383759498596
0.4043259620666504
0.4273774325847626
0.39097386598587036
0.40201646089553833
0.39475566148757935
0.42114606499671936
0.3859836459159851
0.43143969774246216
0.4400789737701416
0.40496188402175903
0.41202840209007263
0.40198785066604614
0.4444746971130371
0.40998515486717224
0.39753851294517517
0.4449593126773834
0.4370734393596649
0.4631139934062958
0.40349698066711426
0.40084636211395264
0.4712781310081482
0.40313389897346497
0.42160820960998535
0.4305351972579956
0.4232514202594757
0.4285731017589569
0.3945956230163574
0.46062716841697693
0.4206511974334717
0.39888229966163635
0.4299769103527069
0.43549686670303345
0.41450440883636475
0.4072902500629425
0.4092530608177185
0.4237198531627655
0.43921905755996704
0.44862186908721924
0.4084661900997162
0.41915658116340637
0.42313918471336365
0.4041198194026947
0.41374310851097107
0.4442625641822815
0.38188737630844116
0.451244056224823
0.43964144587516785
0.4304550886154175
0.42802780866622925
0.41603970527648926
0.41031238436698914
0.411160945892334
0.43206292390823364
0.44884082674980164
0.39863237738609314
0.43903306126594543
0.3953038454055786
0.40817272663116455
0.4027823209762573
0.37463492155075073
0.4112790822982788
0.40825358033180237
0.41897332668304443
0.43625494837760925
0.3693077862262726
0.3950600028038025
0.40258488059043884
0.42985281348228455
0.4063587784767151
0.373470664024353
0.4105319380760193
0.40552976727485657
0.41932567954063416
0.38632872700691223
0.40267789363861084
0.42162635922431946
0.3916194438934326
0.3899801969528198
0.4439864754676819
0.40155553817749023
0.43332234025001526
0.38633301854133606
0.4284229576587677
0.40816792845726013
0.34960296750068665
0.39111074805259705
0.40126997232437134
0.4238687753677368
0.3918783962726593
0.3858012557029724
0.40985414385795593
0.418951153755188
0.42646530270576477
0.4087049663066864
0.41776418685913086
0.39239490032196045
0.3928168714046478
0.41855984926223755
0.40802499651908875
0.4179995357990265
0.407408207654953
0.39663824439048767
0.4208923876285553
0.39446669816970825
0.3945576250553131
0.43967968225479126
0.4028155505657196
0.4009803235530853
0.408210813999176
0.39800360798835754
0.41689106822013855
0.3840298354625702
0.408744215965271
0.42384102940559387
0.4081246554851532
0.3960849344730377
0.39812546968460083
0.3881596028804779
0.3795280158519745
0.40264782309532166
0.3965640664100647
0.38130107522010803
0.40966343879699707
0.3669029176235199
0.41498199105262756
0.41927647590637207
0.39048975706100464
0.3980722725391388
0.3929920494556427
0.38357073068618774
0.38452157378196716
0.3885418474674225
0.42543262243270874
0.39648959040641785
0.40043240785598755
0.3904775381088257
0.3750229775905609
0.3937773108482361
0.3887796700000763
0.4035283923149109
0.3987954258918762
0.400391548871994
0.38050392270088196
0.39561766386032104
0.38954249024391174
0.3907281160354614
0.39090898633003235
0.41118761897087097
0.375038743019104
0.3967438042163849
0.3649820387363434
0.39044392108917236
0.426545113325119
0.40959271788597107
0.40008193254470825
0.3648067116737366
0.38268744945526123
0.4066474735736847
0.40209731459617615
0.37470507621765137
0.37555286288261414
0.34998178482055664
0.39057573676109314
0.3933437764644623
0.37267157435417175
0.37480616569519043
0.4078359007835388
0.3841448724269867
0.40969786047935486
0.36360281705856323
0.39348095655441284
0.36367347836494446
0.368611603975296
0.3706357777118683
0.3955549895763397
0.3640548884868622
0.39614373445510864
0.385954886674881
0.36358487606048584
0.3669182062149048
0.3985646665096283
0.40222305059432983
0.38028645515441895
0.3755023777484894
0.4248303472995758
0.39935630559921265
0.40587133169174194
0.39885786175727844
0.40499964356422424