4.17803111076355
3.8795938968658445
3.639598751068115
3.282827854156494
3.065963125228882
3.182739782333374
3.0598854541778566
3.117620515823364
2.985186147689819
2.9614670753479
2.960131883621216
2.979466438293457
2.8810123920440676
2.875442314147949
2.832391548156738
2.8037593364715576
2.706342077255249
2.762233543395996
2.8485570907592774
2.654145526885986
2.6718178749084474
2.602138900756836
2.5473538398742677
2.525054693222046
2.4472455978393555
2.427094078063965
2.393121767044067
2.511198377609253
2.4127477169036866
2.355403184890747
2.2458762168884276
2.2479726314544677
2.1550029277801515
2.1558971881866453
2.163308525085449
2.0698705434799196
2.2037844181060793
2.147375297546387
2.070092725753784
2.0772167444229126
2.007020878791809
1.9759419679641723
2.009011149406433
1.8985828399658202
1.91649169921875
1.8321101665496826
1.85106041431427
1.815328598022461
1.779608178138733
1.7575781345367432
1.7098049640655517
1.7063031673431397
1.691102385520935
1.6043682813644409
1.5360820293426514
1.5563509225845338
1.5672456979751588
1.516489577293396
1.4513187408447266
1.4356853485107421
1.418823480606079
1.4122395515441895
1.3995179891586305
1.4087753772735596
1.3443679571151734
1.2768696784973144
1.3212753534317017
1.2182605743408204
1.2650651454925537
1.2628234148025512
1.2897887229919434
1.24073166847229
1.1168932676315309
1.1772077798843383
1.1346209526062012
1.0885382533073424
1.1604244232177734
1.1179747104644775
1.0610601663589478
1.0751777410507202
1.00075021982193
1.0279875874519349
0.9691419005393982
0.9548838853836059
0.9502311229705811
0.9543682694435119
0.8511721730232239
0.850831139087677
0.859132993221283
0.878357219696045
0.787130343914032
0.8394591689109803
0.8166269659996033
0.7787079453468323
0.7728576540946961
0.7779900550842285
0.7343056559562683
0.7303087711334229
0.6841344475746155
0.6908584475517273
0.6777198553085327
0.6802369594573975
0.6723261117935181
0.6399126410484314
0.6649425506591797
0.6079672336578369
0.6099829316139221
0.5565298318862915
0.6158862233161926
0.5724279046058655
0.5695343017578125
0.5506017863750458
0.5333923816680908
0.5517639458179474
0.5458898484706879
0.5028781175613404
0.4803593039512634
0.4566499710083008
0.5006325125694275
0.45443437099456785
0.4742742657661438
0.4525755763053894
0.45338994860649107
0.44287083148956297
0.42750526666641236
0.4090381681919098
0.38136813044548035
0.39249839186668395
0.4053254723548889
0.3920039117336273
0.3854654550552368
0.37581650614738465
0.3640553176403046
0.37458686232566835
0.33471826314926145
0.3449782133102417
0.3786592841148376
0.3517482876777649
0.3302222967147827
0.3227560341358185
0.2987093925476074
0.3131499946117401
0.28346608579158783
0.2962102472782135
0.2922100484371185
0.3091009438037872
0.27415208518505096
0.28415247797966003
0.26502576768398284
0.26984022855758666
0.27087233662605287
0.2307032197713852
0.22826394736766814
0.21868537962436677
0.23341456353664397
0.2136570155620575
0.21581487655639647
0.21574773788452148
0.2347020387649536
0.19909097254276276
0.2216608613729477
0.22298964262008666
0.1991850733757019
0.20164346396923066
0.2016930639743805
0.19277998208999633
0.19029906988143921
0.18277117609977722
0.1700771689414978
0.19181208908557892
0.18700301945209502
0.18315950632095337
0.16565002501010895
0.17459266185760497
0.16541672348976136
0.1477445751428604
0.16256933212280272
0.16413758099079132
0.16199465095996857
0.14782577455043794
0.15306998789310455
0.15327635109424592
0.13815598338842391
0.1334919109940529
0.12484811693429947
0.12532401233911514
0.1318897008895874
0.13038282245397567
0.12298378646373749
0.128358356654644
0.11528816819190979
0.10484629720449448
0.11296905428171158
0.12848192006349562
0.11911873668432235
0.12173024415969849
0.10944677591323852
0.10574598759412765
0.09963120967149734
0.11172684729099273