7.422052574157715
7.088651180267334
6.451327896118164
5.765906906127929
5.593593978881836
5.431141185760498
5.542660140991211
5.36615629196167
5.380511951446533
5.298767566680908
5.266548442840576
5.252359294891358
5.295661926269531
5.144865417480469
5.069259166717529
5.160516357421875
5.0369446754455565
4.910764598846436
4.85803337097168
4.926707649230957
4.901747322082519
4.79540319442749
4.820457172393799
4.668448066711425
4.6508232116699215
4.653446769714355
4.508334922790527
4.515649890899658
4.447148990631104
4.4940924644470215
4.421064472198486
4.465700721740722
4.456365394592285
4.272768497467041
4.278978729248047
4.237113094329834
4.279058361053467
4.1414265632629395
4.102390480041504
4.112716722488403
4.075449657440186
3.9717276096343994
3.9612405776977537
3.9772820472717285
3.8721206188201904
3.909963083267212
3.88672137260437
3.8687225818634032
3.8284741401672364
3.837257957458496
3.667003631591797
3.711823558807373
3.6753151416778564
3.6269299507141115
3.536263418197632
3.602638053894043
3.5239742279052733
3.5394896984100344
3.4745065689086916
3.494956684112549
3.4942249298095702
3.4485020637512207
3.3450338363647463
3.3135791301727293
3.2884781837463377
3.318764019012451
3.2270251274108888
3.206620121002197
3.2174888134002684
3.0864171981811523
3.097760629653931
3.2080034255981444
2.982935571670532
3.0212825775146483
3.01299934387207
2.930113697052002
2.9343027114868163
3.0110036373138427
2.89527006149292
2.9290614128112793
2.9121147632598876
2.8684073448181153
2.8011085033416747
2.7711596965789793
2.745940685272217
2.7088814258575438
2.704957389831543
2.7259063720703125
2.754868268966675
2.597821044921875
2.5894925594329834
2.5853583335876467
2.487306547164917
2.546499490737915
2.5812795162200928
2.5130725383758543
2.443012571334839
2.3412291526794435
2.36098427772522
2.3937329769134523
2.3184320449829103
2.3245951652526857
2.4389391899108888
2.267808675765991
2.254092884063721
2.3727041244506837
2.275433969497681
2.1976419925689696
2.3105926513671875
2.316069746017456
2.1134180307388304
2.1149991035461424
2.222312879562378
2.1638386726379393
2.148626947402954
2.1621466636657716
2.12583212852478
2.0471941947937013
1.9313069105148315
1.9732678651809692
1.8853348255157472
1.9212225914001464
1.9525384426116943
1.9680094718933105
1.9663096427917481
1.9155339241027831
1.8751333713531495
1.9146636962890624
1.8760477781295777
1.7937623262405396
1.76919264793396
1.758667254447937
1.7944504737854003
1.7229720115661622
1.6689334630966186
1.7952789783477783
1.6162784099578857
1.7300231218338014
1.592026710510254
1.4973114728927612
1.5414238929748536
1.5976297855377197
1.6431682109832764
1.5065009593963623
1.6391655206680298
1.5306821584701538
1.498922348022461
1.576884937286377
1.559125590324402
1.4377772331237793
1.4034006118774414
1.4066120386123657
1.394291615486145
1.459260058403015
1.3958192825317384
1.3593641996383667
1.4919028759002686
1.34575457572937
1.3609162807464599
1.2971481084823608
1.4283925771713257
1.313239336013794
1.3495848417282104
1.3217382192611695
1.2206209897994995
1.3140564680099487
1.2192140102386475
1.2485993385314942
1.2581302881240846
1.2118035078048706
1.207029104232788
1.2231504917144775
1.1256159543991089
1.195269238948822
1.217566967010498
1.1162845373153687
1.1236208438873292
1.0936020612716675
1.141618824005127
1.029139757156372
1.1334894180297852
1.0528443813323975
0.9920712471008301
1.015643048286438
1.0456299304962158
0.9894409298896789
1.0141566157341004
1.0431518793106078
1.0358179092407227
0.9810267567634583
0.9460902810096741
0.9344398617744446
0.9416157841682434
1.0402647972106933
0.9536898255348205
0.9301716923713684
0.935579252243042
0.9606139302253723
0.9135681629180908
1.0086673498153687