6.626580715179443
6.487911224365234
6.365386009216309
6.2375335693359375
6.093971252441406
5.954766750335693
5.817045211791992
5.732470512390137
5.507609844207764
5.350845813751221
5.2646026611328125
5.07162618637085
5.01295280456543
4.928670883178711
4.922348499298096
4.871399402618408
4.697251319885254
4.710420608520508
4.527041912078857
4.592623710632324
4.5726213455200195
4.508276462554932
4.463470935821533
4.474737167358398
4.592613697052002
4.414096832275391
4.188399314880371
4.439573287963867
4.467587471008301
4.46751594543457
4.430623531341553
4.483088970184326
4.46420955657959
4.454328536987305
4.39102840423584
4.300621032714844
4.2702107429504395
4.3826823234558105
4.383004665374756
4.268679141998291
4.305215835571289
4.278371810913086
4.141252517700195
4.205126762390137
4.195614814758301
4.181797981262207
4.174631118774414
4.129985809326172
4.16477632522583
4.100615501403809
4.1937055587768555
4.1797261238098145
4.124488353729248
4.050827503204346
4.122315883636475
4.061637878417969
3.8681960105895996
3.9991822242736816
3.9490654468536377
4.144411563873291
3.8636608123779297
4.024869918823242
3.7958366870880127
3.9122207164764404
3.9591596126556396
4.022032737731934
3.8204762935638428
3.865198850631714
3.9891347885131836
3.927854537963867
3.7963762283325195
3.9831275939941406
3.930445671081543
3.733539581298828
3.794553518295288
3.6495885848999023
3.756066083908081
3.7044782638549805
3.689978837966919
3.7835984230041504
3.6564300060272217
3.740248203277588
3.7802834510803223
3.7256171703338623
3.689579963684082
3.673696994781494
3.7510924339294434
3.5078959465026855
3.736612558364868
3.5893912315368652
3.7674288749694824
3.495077133178711
3.766221046447754
3.4187171459198
3.4855079650878906
3.4750139713287354
3.457690954208374
3.437119483947754
3.4527783393859863
3.5659632682800293
3.3911850452423096
3.5758984088897705
3.4619534015655518
3.4074461460113525
3.382768392562866
3.3945889472961426
3.5320234298706055
3.3936290740966797
3.3169713020324707
3.4343464374542236
3.42490291595459
3.3930420875549316
3.409808397293091
3.1598458290100098
3.335253953933716
3.320087194442749
3.3161375522613525
3.2798240184783936
3.3401315212249756
3.335359573364258
3.3987274169921875
3.2252330780029297
3.311781167984009
3.344895362854004
3.217855453491211
3.2076423168182373
3.1107685565948486
3.094217300415039
3.169119119644165
3.2487308979034424
3.047106981277466
3.246030330657959
3.1508281230926514
3.1119322776794434
2.983938694000244
2.9555177688598633
2.9450416564941406
3.1129229068756104
3.14969539642334
2.9825711250305176
3.0897722244262695
3.124357223510742
3.1475484371185303
2.9575181007385254
3.071000337600708
3.1009297370910645
3.019495964050293
3.0175271034240723
3.100137710571289
3.005962371826172
3.077194929122925
2.8584084510803223
2.860612154006958
3.0829708576202393
3.060683250427246
2.64670729637146
2.8765861988067627
2.972273588180542
2.851184606552124
2.8669347763061523
2.9925429821014404
2.8903231620788574
2.6636979579925537
2.8830063343048096
2.7954797744750977
2.833239793777466
2.7971670627593994
2.752865791320801
2.7125258445739746
2.9714550971984863
2.95038104057312
2.796893835067749
2.651771306991577
2.5615813732147217
2.7483890056610107
2.779505968093872
2.7871198654174805
2.7424402236938477
2.6322109699249268
2.6771066188812256
2.7299599647521973
2.712522029876709
2.7549524307250977
2.688380241394043
2.739567756652832
2.613720178604126
2.641990900039673
2.5093941688537598
2.699484348297119
2.692340135574341
2.3798563480377197
2.501991033554077
2.5802161693573
2.538470983505249
2.5525834560394287
2.617018222808838
2.6691195964813232
2.578599452972412
2.4400289058685303
2.553623914718628
2.5148251056671143
2.33990478515625
2.488168239593506
2.5187325477600098
2.427569627761841
2.4662489891052246
2.4753761291503906
2.5526254177093506
2.476787567138672
2.486039161682129
2.365211248397827
2.4156949520111084
2.39036226272583
2.4335579872131348
2.3527097702026367
2.264714479446411
2.3596560955047607
2.441922664642334
2.4701218605041504
2.24172306060791
2.369954824447632
2.3149611949920654
2.2744698524475098
2.4256904125213623
2.2559633255004883
2.359489917755127
2.3918750286102295
2.4510111808776855
2.2840523719787598
2.2654833793640137
2.3237287998199463
2.2441744804382324
2.2220118045806885
2.220113754272461
2.1034939289093018
2.2162580490112305
2.124391794204712
2.27370285987854
2.1840145587921143
2.339344024658203
2.244262933731079
2.2873833179473877
2.177626609802246
2.216276168823242
2.205216407775879
2.0441689491271973
2.097407817840576
2.253204107284546
2.194585084915161
2.087547779083252
1.9411770105361938
2.0378005504608154
2.084702491760254
2.0452775955200195
2.1255061626434326
2.1382827758789062
2.2187159061431885
2.1043202877044678
2.275534152984619
2.0232086181640625
2.0896108150482178
2.0258290767669678
2.1368565559387207
2.0499563217163086
2.0527660846710205
2.035574197769165
2.053220272064209
2.072643518447876
2.072679281234741
2.1465535163879395
2.011868476867676
2.0234179496765137
2.034123182296753
2.1442666053771973
2.0468344688415527
1.942901611328125
1.8538888692855835
1.8376691341400146
1.9626036882400513
1.9166526794433594
1.826699137687683
1.9472492933273315
1.9334945678710938
1.8883448839187622
1.9287819862365723
1.9067455530166626
1.8463287353515625
1.7834054231643677
1.832980990409851
1.789384126663208
1.8306255340576172
1.9095317125320435
1.9339780807495117
1.9477547407150269
1.828356385231018
1.7593332529067993
1.8431932926177979
1.852107286453247
1.7049894332885742
1.838355302810669
1.7909530401229858
1.7658679485321045
1.7612136602401733
1.9550833702087402
1.762258529663086
1.7447346448898315
1.612754464149475
1.8581604957580566
1.8340389728546143
1.7070633172988892
1.798245906829834
1.898720383644104
1.666811227798462
1.63188898563385
1.7297537326812744
1.673161268234253
1.715406060218811
1.6602407693862915
1.6966739892959595
1.738623857498169
1.6697605848312378
1.7317543029785156
1.6334624290466309
1.6837395429611206
1.7146075963974
1.5859129428863525
1.5504721403121948
1.6358107328414917
1.6064202785491943
1.6003140211105347
1.5562204122543335
1.7024593353271484
1.5719026327133179
1.6768624782562256
1.5960558652877808
1.5212010145187378
1.5242971181869507
1.738283634185791
1.6814502477645874
1.6064651012420654
1.5076650381088257
1.517244577407837
1.534387230873108
1.5538899898529053
1.517948865890503
1.4509215354919434
1.5617105960845947
1.4710378646850586
1.6004425287246704
1.489196538925171
1.644360065460205
1.5937037467956543
1.6037293672561646
1.505258321762085
1.3853559494018555
1.4525030851364136
1.5502468347549438
1.5031211376190186
1.524435043334961
1.502194881439209
1.3679702281951904
1.5034617185592651
1.4456541538238525
1.4030510187149048
1.4609861373901367
1.5320076942443848
1.4962267875671387
1.3206666707992554
1.5505279302597046
1.3916029930114746
1.5072230100631714
1.5486118793487549
1.3777333498001099
1.5252394676208496
1.3072311878204346
1.3322111368179321
1.4288606643676758
1.4663448333740234
1.420308232307434
1.3981494903564453
1.3773322105407715
1.3253532648086548
1.4095048904418945
1.4432532787322998
1.313490390777588
1.3408887386322021
1.4644044637680054
1.3814135789871216
1.3718780279159546
1.4022181034088135
1.4424811601638794
1.3059462308883667
1.2969355583190918
1.3835229873657227
1.30266535282135
1.2246891260147095
1.3426544666290283
1.355889081954956
1.278876543045044
1.225277066230774
1.2867951393127441
1.3422837257385254
1.3237853050231934
1.2200500965118408
1.1920415163040161
1.1652201414108276
1.2253625392913818
1.2834035158157349
1.2971539497375488
1.2300297021865845
1.1811233758926392
1.3041129112243652
1.2324975728988647
1.3743352890014648
1.2001423835754395
1.228044033050537
1.2754950523376465
1.18644380569458
1.2428865432739258
1.1879397630691528
1.2644765377044678
1.252364993095398
1.260589599609375
1.2335951328277588
1.278041958808899
1.2402822971343994
1.2743358612060547
1.2100430727005005
1.1800421476364136
1.213497281074524
1.1692475080490112
1.188597559928894
1.171006679534912
1.1496034860610962
1.1150161027908325
1.1077121496200562
1.0974563360214233
1.1113641262054443
1.185457706451416
1.1512658596038818
1.1763056516647339
1.177870273590088
1.1248185634613037
1.1829802989959717
1.1638787984848022
1.1633332967758179
1.12466299533844
1.0920085906982422
1.0204319953918457
1.091292142868042
1.1540427207946777
1.1197675466537476
1.079217791557312
1.1033031940460205
1.0968866348266602
1.0804455280303955
1.07039213180542
1.0510882139205933
1.0268229246139526
1.1021593809127808
1.0697895288467407
1.0557876825332642
1.066190242767334
1.0235857963562012
1.1419926881790161
1.0099694728851318
1.000118374824524
1.0181885957717896
1.014307975769043
1.0460041761398315
1.0336573123931885
1.0365060567855835
1.1065205335617065
0.9751114249229431
1.0499681234359741
1.0169605016708374
1.008233904838562
0.9803655743598938
0.9897035360336304
1.075169324874878
0.9842109680175781
0.9964737296104431
1.0881290435791016
1.0156391859054565
0.9836677312850952
1.003615379333496
1.0653870105743408
1.0376050472259521
1.045913577079773
0.9782314896583557
0.9582913517951965
0.9234908819198608
0.9073101282119751
1.0057322978973389
0.9508429765701294
1.0735055208206177
0.9600883722305298
0.9884874820709229
0.9292190074920654
0.9774116277694702
0.9616979360580444
1.0674782991409302
0.9177520871162415
0.9402488470077515
0.9968733787536621
0.9778430461883545
0.9524984359741211
0.9003894925117493
0.8576253652572632
0.8660033345222473
0.9131748080253601
0.9639735221862793
0.9862530827522278
0.919701099395752
0.8839985728263855
0.9999276995658875
0.9163100719451904
0.9045153260231018
0.9368988275527954
0.9216994643211365
0.9207891821861267
0.9326831102371216
0.926259458065033
0.9235466122627258
0.9179426431655884
0.8529371619224548
0.947096586227417
0.8450838923454285
0.903892457485199
0.8113596439361572
0.9127879738807678
0.8896883130073547
0.8286989331245422
0.8733891248703003
0.9035614728927612
0.8922434449195862
0.8823034763336182
0.7648835182189941
0.8984682559967041
0.8812474608421326
0.9466043710708618
0.9069045186042786
0.8604883551597595
0.9587126970291138
0.8563358783721924
0.8140777945518494
0.7667831182479858
0.876018762588501
0.8120570778846741
0.8648070693016052
0.814420759677887
0.8505176305770874
0.8550819158554077
0.9143412113189697
0.8264878392219543
0.7981991767883301
0.8332070112228394
0.8446847796440125
0.8543025851249695
0.8372394442558289
0.7732749581336975
0.8630395531654358
0.8381977677345276
0.8339067101478577
0.848567008972168
0.8703728318214417
0.8475774526596069
0.8547502160072327
0.8121702671051025
0.8663763999938965
0.8136502504348755
0.8232442140579224
0.7885321378707886
0.781908392906189
0.8087975382804871
0.8788419365882874
0.8452431559562683
0.7823729515075684
0.7719833850860596
0.8004764318466187
0.830795407295227
0.7937703132629395
0.8265259861946106
0.7669987678527832
0.8019979596138
0.8398511409759521
0.7643910050392151
0.7513993382453918
0.8003519773483276
0.738364040851593
0.809567928314209
0.7533483505249023
0.8401356339454651
0.7737659811973572
0.7679830193519592
0.7331854701042175
0.8231859803199768
0.7815559506416321
0.7616113424301147
0.8319844007492065
0.7389696836471558
0.7044548392295837
0.8202952146530151
0.7921368479728699
0.7233456969261169
0.7774531245231628
0.7610833644866943
0.70111083984375
0.7853341102600098
0.7852484583854675
0.7369403839111328
0.7322573065757751
0.772822380065918
0.7447322010993958
0.7496615052223206
0.6951215267181396
0.7233176827430725
0.7420358061790466
0.7306990027427673
0.7098622918128967
0.7632945775985718
0.7626680135726929
0.7914965152740479
0.7510520815849304
0.7175902128219604
0.7216402888298035
0.7602036595344543
0.7655767202377319
0.671061098575592
0.7496100068092346
0.7072124481201172
0.7646355032920837
0.7234205603599548
0.723809540271759
0.7571477293968201
0.7095140814781189
0.6762993335723877
0.6991195678710938
0.7563734650611877
0.7168979048728943
0.7566397190093994
0.7397357225418091
0.7159041166305542
0.6909477710723877
0.7655755877494812
0.69841468334198
0.6555998921394348
0.6934486031532288
0.7250341773033142
0.738397479057312
0.690848171710968
0.7054597735404968
0.6863794922828674
0.6708350777626038
0.6917102932929993
0.7053567171096802
0.6912633776664734
0.70606529712677
0.7312841415405273
0.6925485730171204
0.7135328054428101
0.6832694411277771
0.665428876876831
0.6901423335075378
0.6692427396774292
0.7003788948059082
0.6753946542739868
0.688482940196991
0.7059043645858765
0.6518778800964355
0.6905212998390198
0.6941163539886475
0.6510902047157288
0.6696087718009949
0.6884058713912964
0.6166123747825623
0.6574121117591858
0.618958055973053
0.608986496925354
0.6957790851593018
0.6634197235107422
0.6952378153800964
0.6681421995162964
0.6718882918357849
0.6977042555809021
0.6302640438079834
0.6499371528625488
0.6224604249000549
0.6778432130813599
0.6833671927452087
0.6078509092330933
0.6307709813117981
0.6734352111816406
0.6643893718719482
0.6314337849617004
0.6521812677383423
0.6297072768211365
0.6243708729743958
0.6691127419471741
0.6592879891395569
0.6947243213653564
0.6326058506965637
0.6681553721427917
0.6673588156700134
0.619197428226471
0.5559884309768677
0.6686307191848755
0.6704349517822266
0.6046802997589111
0.6453790068626404
0.650816798210144
0.6182440519332886
0.6380637288093567
0.6739625930786133
0.6470843553543091
0.593856155872345
0.6775540709495544
0.5877234935760498
0.6081451773643494
0.6333505511283875
0.6130756735801697
0.6371040344238281
0.6033251285552979
0.6364957690238953
0.6421169638633728
0.6361905336380005
0.5648060441017151
0.6728134155273438
0.5818784236907959
0.6397352814674377
0.6297355890274048
0.6025165319442749
0.6031857132911682
0.5996080636978149
0.5978295803070068
0.5873056054115295
0.6122975945472717
0.6481084823608398
0.6063957214355469
0.6182805895805359
0.6148152351379395
0.6037832498550415
0.5726233124732971
0.6062395572662354
0.6494516730308533
0.6061615347862244
0.6375147104263306
0.6030373573303223
0.5855402946472168
0.6073769927024841
0.6521456241607666
0.612922191619873
0.6045002937316895
0.5691932439804077
0.579330563545227
0.5934672951698303
0.5759678483009338
0.6355056762695312
0.5629976987838745
0.5881314873695374
0.5727595090866089
0.6464899182319641
0.6000053882598877
0.6140769124031067
0.5614162683486938
0.5958947539329529
0.5861233472824097
0.6291049718856812
0.5788934826850891
0.5803441405296326
0.5490410327911377
0.5467257499694824
0.6103770136833191
0.5647282600402832
0.5644490718841553
0.5559795498847961
0.5500257611274719
0.5460527539253235
0.5964539051055908
0.5853504538536072
0.577751100063324
0.5930173993110657
0.5653405785560608
0.6103047728538513
0.6036932468414307
0.5828912854194641
0.5440065264701843
0.5255836248397827
0.5463135838508606
0.554864227771759
0.5692471265792847
0.5451854467391968
0.5123466849327087
0.5623575448989868
0.552578866481781
0.5839294195175171
0.5101397633552551
0.5454040765762329
0.5579036474227905
0.5599163174629211
0.5282076597213745
0.6423877477645874
0.5573375225067139
0.5571824908256531
0.5912490487098694
0.5422802567481995
0.529575765132904
0.5716514587402344
0.5679359436035156
0.5630367994308472
0.6026338934898376
0.5787440538406372
0.5449768900871277
0.5378427505493164
0.5342679023742676
0.549130380153656
0.5381708145141602
0.5400786995887756
0.562228798866272
0.5664265751838684
0.5390118360519409
0.5640872716903687
0.5898881554603577
0.5432000756263733
0.5346860289573669
0.5361236333847046
0.5515825748443604
0.5466107726097107
0.5441232919692993
0.5198028683662415
0.502752423286438
0.5175376534461975
0.5467966794967651
0.5609437227249146
0.5447764992713928
0.5573921203613281
0.524174690246582
0.5628613829612732
0.55260169506073
0.5446316599845886
0.5394074320793152
0.5253018140792847
0.5288562774658203
0.5078461170196533
0.5587366223335266
0.5366541743278503
0.5457685589790344
0.5331267714500427
0.5194414258003235
0.5335081815719604
0.5281351208686829
0.5153225660324097
0.5437453985214233
0.5637388825416565
0.545632004737854
0.5400111079216003
0.5170360803604126
0.512413501739502
0.5244724154472351
0.5480137467384338
0.5261624455451965
0.5526217222213745
0.5233979225158691
0.5255691409111023
0.540886402130127
0.5168173909187317
0.5289379954338074
0.5137237906455994
0.5033174157142639
0.524080753326416
0.4941985309123993
0.5445019006729126
0.537998616695404
0.49923017621040344
0.5271101593971252
0.5470146536827087
0.49610716104507446
0.5353646278381348
0.49295300245285034
0.5334223508834839
0.4882820248603821
0.5096734762191772
0.5066642761230469
0.5268865823745728
0.5112072825431824
0.5174164772033691
0.5011733174324036
0.5210000276565552
0.542320966720581
0.5006006360054016
0.4833614230155945
0.4513518810272217
0.5046129822731018
0.4817012846469879
0.47318533062934875
0.5270785093307495
0.5007724165916443
0.5369933843612671
0.49186965823173523
0.5185292363166809
0.5120891332626343
0.514651358127594
0.5042053461074829
0.46890220046043396
0.48587775230407715
0.45717599987983704
0.4777977466583252
0.48063698410987854
0.5087150931358337
0.4903274476528168
0.4870140552520752
0.5088819861412048
0.5103963017463684
0.4756442904472351
0.4689602553844452
0.5349417328834534
0.42839133739471436
0.490994930267334
0.4736407697200775
0.47904664278030396
0.45474159717559814
0.47887834906578064
0.4694445729255676
0.4980727732181549
0.4715215861797333
0.46347010135650635
0.4579405188560486
0.4881379306316376
0.4942687451839447
0.516726553440094
0.5057433247566223
0.5007970333099365
0.5050032734870911
0.5163852572441101
0.48351433873176575
0.5261911749839783
0.4932253658771515
0.5089725852012634
0.5631759166717529
0.48830872774124146
0.49203112721443176
0.5098479986190796
0.5034111738204956
0.49671563506126404
0.4802839457988739
0.4720749855041504
0.4798402786254883
0.48195695877075195
0.4471711814403534
0.49281010031700134
0.47996076941490173
0.4529135525226593
0.47718754410743713
0.4405238628387451
0.5040260553359985
0.493112713098526
0.47591352462768555
0.5214440822601318
0.48386722803115845
0.45872142910957336
0.44411590695381165
0.46406447887420654
0.4620680510997772
0.5169452428817749
0.4859086871147156
0.43925219774246216
0.47000640630722046
0.5110622048377991
0.48760610818862915
0.4592539370059967
0.48381394147872925
0.4465053081512451
0.45883312821388245
0.47727787494659424
0.4748819172382355
0.5422574877738953
0.500167965888977
0.4501585066318512
0.4446668326854706
0.4904734492301941
0.45408132672309875
0.4515354633331299
0.43582549691200256
0.4551289677619934
0.4945293664932251
0.44490674138069153
0.4743504822254181
0.44635090231895447
0.46228858828544617
0.4594593346118927
0.47314783930778503
0.4830731451511383
0.47140008211135864
0.4433436095714569
0.4746469557285309
0.4705882966518402
0.4464609920978546
0.4530452489852905
0.47791123390197754
0.4646449089050293
0.4360913634300232
0.43993642926216125
0.44847163558006287
0.4545137882232666
0.4925406575202942
0.448384553194046
0.4730580449104309
0.4621655344963074
0.47865283489227295
0.4606778621673584
0.45311295986175537
0.45864951610565186
0.43868643045425415
0.4425407648086548
0.47694331407546997
0.43538081645965576
0.48574310541152954
0.42633676528930664
0.47481322288513184
0.43223071098327637
0.4314953684806824
0.4679057002067566
0.481531023979187
0.44137799739837646
0.44147545099258423
0.42028218507766724
0.4611365497112274
0.4508937895298004
0.44686809182167053
0.44088631868362427
0.4366430342197418
0.4566988945007324
0.4513438642024994
0.44822853803634644
0.4534969627857208
0.4760606586933136
0.43894848227500916
0.4579319953918457
0.48981839418411255
0.4345964789390564
0.452587366104126
0.4654026925563812
0.4273793697357178
0.4350908696651459
0.44354018568992615
0.41139477491378784
0.4449743628501892
0.46346384286880493
0.42860040068626404
0.47194695472717285
0.45013320446014404
0.44794338941574097
0.4631660580635071
0.4545695185661316
0.4650293290615082
0.4818744361400604
0.4496849775314331
0.43004706501960754
0.4233510494232178
0.4602787494659424
0.44142910838127136
0.4214824140071869
0.46461212635040283
0.4365711212158203
0.4224291741847992
0.4435841739177704
0.4031047821044922
0.451826810836792
0.441066175699234
0.4436114430427551
0.46667125821113586
0.40817540884017944
0.42697423696517944
0.4333537518978119
0.44511133432388306
0.4307819604873657
0.4184718728065491
0.4507206082344055
0.43761146068573
0.40947213768959045
0.43649470806121826
0.45392104983329773
0.4576475918292999
0.4599161744117737
0.3710102438926697
0.4166565537452698
0.42863908410072327
0.4223838150501251
0.4276135563850403
0.4438464045524597
0.3908718526363373
0.45738205313682556
0.3985692262649536
0.418769896030426
0.4242421090602875
0.43250614404678345
0.4516577422618866
0.4296494424343109
0.4486829936504364
0.42853420972824097
0.4487709701061249
0.4505836069583893
0.3919854164123535
0.4296974241733551
0.4682042896747589
0.4511875808238983
0.44295552372932434
0.4305523931980133
0.42865458130836487
0.40006133913993835
0.4175436496734619
0.4232461452484131
0.4412212669849396
0.4173358082771301
0.4157671630382538
0.4076227843761444
0.3979302644729614
0.4274008572101593
0.4410170018672943
0.4304218888282776
0.41207051277160645
0.37978482246398926
0.44824278354644775
0.40305694937705994
0.4145174026489258
0.41255709528923035
0.39497897028923035
0.4213421940803528
0.42394766211509705
0.41099730134010315
0.4023825526237488
0.44468000531196594
0.40474748611450195
0.4294394552707672
0.4313821494579315
0.40118923783302307
0.41549670696258545
0.4362083971500397
0.4168480634689331
0.4442127048969269
0.43370363116264343
0.42201417684555054
0.4351014494895935
0.4149750769138336
0.40953052043914795
0.4125020205974579
0.4057992696762085
0.41206005215644836
0.3988211452960968
0.4131009578704834
0.4597266912460327
0.42822250723838806
0.43228062987327576
0.400178462266922
0.38518521189689636
0.4156678020954132
0.4153934121131897
0.4074896574020386
0.37748295068740845
0.37494683265686035
0.4385784864425659
0.40298521518707275
0.38542526960372925
0.4409451484680176
0.4211937487125397
0.4019375145435333
0.445377379655838
0.4224408268928528
0.41521400213241577
0.3959113359451294
0.4138234853744507
0.4064178168773651
0.39764317870140076
0.4327531158924103
0.3978755474090576
0.44633790850639343
0.4122065007686615
0.4055180251598358
0.41567283868789673
0.41981399059295654
0.40972593426704407
0.3784542381763458
0.3867073059082031
0.4413194954395294
0.41667670011520386
0.44523993134498596
0.3776892125606537
0.3557511270046234
0.39466121792793274
0.3976965844631195
0.3864884674549103
0.4246305823326111
0.37483927607536316
0.4105251729488373
0.3867422342300415
0.38680803775787354
0.37010300159454346
0.3944650888442993
0.4023585319519043
0.4021553695201874
0.4170839190483093
0.42675265669822693
0.39129093289375305
0.37887853384017944
0.43472927808761597
0.37248116731643677
0.3978668749332428
0.41127118468284607
0.37429356575012207
0.3968466520309448
0.387001097202301
0.4361553490161896
0.3863680064678192
0.4082682728767395
0.3915294408798218
0.41900455951690674
0.3918597996234894
0.4316076636314392
0.37894296646118164
0.37948140501976013
0.3945867121219635
0.38758546113967896
0.3919852375984192
0.39022353291511536
0.3848826587200165
0.365465372800827
0.36992767453193665
0.3719318211078644
0.4214951992034912
0.40585511922836304
0.38650694489479065
0.40140125155448914
0.3932892084121704
0.3608609437942505
0.3522263765335083
0.39174386858940125
0.3602517247200012
0.3976922631263733
0.40540069341659546
0.41445043683052063
0.3888106346130371
0.3783072829246521
0.3428470492362976
0.38598671555519104
0.38250675797462463
0.4112569987773895
0.41672128438949585
0.39088743925094604
0.40294864773750305
0.4105158746242523
0.37496045231819153
0.3952600061893463
0.3983307182788849
0.39141371846199036
0.4018310010433197
0.35824382305145264
0.38415971398353577
0.3905131220817566
0.3940841555595398
0.42178577184677124
0.41449636220932007
0.3861137628555298
0.38508617877960205
0.37158045172691345
0.38094770908355713
0.37782400846481323
0.38662710785865784
0.3896808326244354
0.3807949125766754
0.3498363792896271
0.4377965033054352
0.3685838580131531
0.3647926449775696
0.3601832985877991
0.3814726769924164
0.3664610981941223
0.38110265135765076
0.36419105529785156
0.38226690888404846
0.3797510862350464
0.3911793529987335
0.3963143229484558
0.39580538868904114
0.3452913165092468
0.3700248897075653
0.36990803480148315
0.39605310559272766
0.4130522906780243
0.390001505613327
0.3730123043060303
0.397121787071228
0.3561052680015564
0.3679390847682953
0.3695240616798401
0.38351455330848694
0.38959646224975586
0.39127790927886963
0.38175061345100403
0.3870735466480255
0.4014599621295929
0.35612010955810547
0.3387002646923065
0.3843652606010437
0.3979320228099823
0.4014807343482971
0.37745410203933716
0.3650023341178894
0.38443735241889954
0.3787127435207367
0.3853493332862854
0.373637318611145
0.3696358799934387
0.36143168807029724
0.39026108384132385
0.3422950208187103
0.3723052442073822
0.40579116344451904
0.3716244101524353
0.35889938473701477
0.37578654289245605
0.39308252930641174
0.3744398057460785
0.37975674867630005
0.34994155168533325
0.36457061767578125
0.3566781282424927
0.3526970148086548
0.3840930461883545
0.34163323044776917
0.3639630675315857
0.3334263861179352
0.3453289866447449
0.4013082683086395
0.3456067442893982
0.37525638937950134
0.36082351207733154
0.3516337275505066
0.3645285964012146
0.358849436044693
0.3978177309036255
0.3572767674922943
0.3615023195743561
0.3987008035182953
0.3932921588420868
0.3635213077068329
0.35895979404449463
0.3820652663707733
0.33079665899276733
0.3454391062259674
0.3850993812084198
0.4115813970565796
0.36605313420295715
0.35939398407936096
0.3418092429637909
0.3990943431854248
0.38314545154571533
0.3713816702365875
0.3249432146549225
0.3608247637748718
0.39105120301246643
0.36214882135391235
0.3477937877178192
0.3434803783893585
0.39912378787994385
0.36246737837791443
0.33315861225128174
0.35514190793037415
0.33402132987976074
0.33714669942855835
0.3472130298614502
0.368545800447464
0.34115827083587646
0.34149718284606934
0.37067097425460815
0.37588581442832947
0.34469354152679443
0.3408369719982147
0.37054795026779175
0.34663718938827515
0.37977898120880127
0.35486456751823425
0.3456338942050934
0.36846232414245605
0.38090935349464417
0.3679414987564087
0.35869747400283813
0.3613353669643402
0.36553332209587097
0.36651164293289185
0.3566005825996399
0.3430250287055969
0.3638254404067993
0.3487515151500702
0.3618999123573303
0.3708195984363556
0.35751649737358093
0.3640674352645874
0.3705931305885315
0.3645174503326416
0.3711226284503937