3.4421414102826793
2.9608175686427525
2.7364105428968157
2.475173248563494
2.2323061738695413
2.00264253956931
1.7611015013286047
1.5355662311826432
1.3269866364342824
1.1313125848770142
0.9573025005204336
0.8008081844874791
0.6837034804480415
0.5661589860916137
0.47127721650259835
0.39231566361018594
0.32869270529065814
0.27488423926489697
0.22949815562793185
0.19550768179552896
0.16286447495222095
0.14054091636623656
0.119819509770189
0.10301808352981294
0.08865720927715301
0.0774200384105955
0.06885080678122384
0.059918657264539175
0.05355395089302743
0.04676492948617254
0.042581493833235326
0.038425966565098085
0.03459633769733565
0.03201731336968285
0.028857075316565377
0.026549015673143522
0.024815675775919643
0.022801982504980906
0.020922355566705977
0.019767406529613903