7.396716117858887
7.004992961883545
6.2740254402160645
5.671063327789307
5.592309474945068
5.675443935394287
5.48391752243042
5.486734199523926
5.439978885650635
5.507828330993652
5.390778255462647
5.365669631958008
5.382074069976807
5.393206024169922
5.313893222808838
5.21312837600708
5.270553779602051
5.112666130065918
5.111074542999267
5.0412060737609865
5.058451747894287
4.996395778656006
4.923089027404785
4.979688262939453
4.8178308486938475
4.7782158851623535
4.681259536743164
4.6711324691772464
4.725906181335449
4.5990626335144045
4.603118228912353
4.524959945678711
4.5896501541137695
4.496357536315918
4.356779956817627
4.3999354362487795
4.355977344512939
4.303876876831055
4.253515625
4.142840385437012
4.163031101226807
4.15857162475586
4.042409753799438
4.199321174621582
4.08989315032959
3.9986123561859133
3.959886407852173
3.8991034984588624
3.96438250541687
3.8043730735778807
3.9031403064727783
3.805052900314331
3.815693235397339
3.800496244430542
3.6792651176452638
3.648832178115845
3.624831771850586
3.5189863204956056
3.493203353881836
3.581827974319458
3.4551888942718505
3.540803098678589
3.510783052444458
3.3724640369415284
3.4578901290893556
3.316124153137207
3.3670838832855225
3.2782774448394774
3.215010738372803
3.207177019119263
3.195044994354248
3.2956555843353272
3.1786065101623535
3.078999423980713
3.149797248840332
3.0775852680206297
2.996786022186279
3.1677757263183595
2.912650728225708
2.9462388515472413
2.9787073135375977
3.008084440231323
3.00972900390625
2.7539942264556885
2.85958309173584
2.717171239852905
2.685292100906372
2.749618721008301
2.740240144729614
2.65865216255188
2.6562195777893067
2.7416258811950684
2.6330584049224854
2.5723874092102053
2.5626681804656983
2.637273931503296
2.486978530883789
2.5266470432281496
2.437258815765381
2.3897862434387207
2.402252674102783
2.4773250102996824
2.3923317909240724
2.33996696472168
2.363308048248291
2.3243825435638428
2.241428852081299
2.2547329902648925
2.1448511600494387
2.1214307308197022
2.211354064941406
2.234168004989624
2.157075023651123
2.1541043281555177
2.1490979909896852
2.101262831687927
2.178286623954773
2.07534601688385
2.0986566066741945
2.0115671396255492
1.9487033843994142
1.9740111827850342
1.9391330480575562
1.9074371337890625
1.862675142288208
1.8653215408325194
1.8278921842575073
1.88295636177063
1.813768744468689
1.926969790458679
1.7689161539077758
1.781941866874695
1.9221424818038941
1.7728765726089477
1.731555986404419
1.7684369087219238
1.7648351430892943
1.6905189990997314
1.7404843091964721
1.6731033086776734
1.6343141317367553
1.5799979209899901
1.6056960821151733
1.6645315885543823
1.6206952333450317
1.5541625499725342
1.5565963983535767
1.4788939237594605
1.4378686428070069
1.4837854146957397
1.588161301612854
1.3646925926208495
1.4835981845855712
1.415814995765686
1.3911156892776488
1.4049933195114135
1.367382860183716
1.3489977359771728
1.3359583854675292
1.2986616134643554
1.2928775787353515
1.3470706224441529
1.3247794151306151
1.3280331134796142
1.2058164596557617
1.2530489921569825
1.296749472618103
1.2737377166748047
1.2256154775619508
1.23032705783844
1.1887221574783324
1.1843722820281983
1.2091310739517211
1.2046871662139893
1.098179280757904
1.0952874183654786
1.1193639993667603
1.1686457872390748
1.1525394439697265
1.0261471033096314
1.039713966846466
1.1380224704742432
1.0583465576171875
1.1596417903900147
1.0146307945251465
0.9841504454612732
1.0439255714416504
0.9385609865188599
0.9812577366828918
0.9807376027107239
1.0146090030670165
0.9651337146759034
0.9962180018424988
0.9638205885887146
0.9092902302742004
0.9505404591560364
0.9473150253295899
0.855323588848114
0.9125452876091004
0.8655724167823792