8.958505630493164
8.802234649658203
8.637604713439941
8.363811492919922
8.09827995300293
7.7818121910095215
7.533753871917725
7.296791076660156
7.1477179527282715
6.943789958953857
6.719954967498779
6.722943305969238
6.730837821960449
6.764587879180908
6.683716297149658
6.5699357986450195
6.588839054107666
6.7426557540893555
6.575039386749268
6.463146209716797
6.624257564544678
6.5341596603393555
6.605227470397949
6.701961994171143
6.783056259155273
6.533138275146484
6.434884071350098
6.593205451965332
6.603784561157227
6.442244052886963
6.66202449798584
6.5478434562683105
6.458596706390381
6.624445915222168
6.518799781799316
6.418238639831543
6.372559547424316
6.516665458679199
6.520522117614746
6.458808422088623
6.473891735076904
6.631372451782227
6.497796058654785
6.419466972351074
6.603596210479736
6.444916725158691
6.556492328643799
6.517830848693848
6.480660915374756
6.641567707061768
6.34230375289917
6.351566791534424
6.448408126831055
6.502267360687256
6.46523380279541
6.287016868591309
6.45275354385376
6.3832831382751465
6.332949161529541
6.458949565887451
6.396845817565918
6.536139965057373
6.393959045410156
6.488699436187744
6.376878261566162
6.617834091186523
6.501125812530518
6.290213108062744
6.445788383483887
6.450841903686523
6.2428083419799805
6.534454345703125
6.421566486358643
6.343489646911621
6.328834056854248
6.300031661987305
6.30956506729126
6.523459434509277
6.299937725067139
6.100955009460449
6.395966529846191
6.407975673675537
6.195080280303955
6.327674388885498
6.4886555671691895
6.22664213180542
6.2309346199035645
6.276741981506348
6.245239734649658
6.291595935821533
6.443265914916992
6.230067729949951
6.163472652435303
6.2544474601745605
6.305239200592041
6.407747745513916
6.191792011260986
6.4067063331604
6.267646312713623
6.43949556350708
6.263822078704834
6.274180889129639
6.154214859008789
6.274091720581055
6.323428630828857
6.324496746063232
6.372767448425293
6.042172908782959
6.237001895904541
6.211853504180908
6.218579292297363
6.2284626960754395
6.292647361755371
6.110178470611572
6.253432273864746
6.279935359954834
6.215267658233643
6.256291389465332
6.223628044128418
6.331925392150879
6.187718391418457
5.960898399353027
6.2278056144714355
6.161914348602295
6.085531711578369
6.193358898162842
6.418524742126465
6.227679252624512
6.275498390197754
6.067854881286621
5.854090213775635
6.025256156921387
6.172189712524414
6.150185585021973
6.188813209533691
6.10720157623291
6.110770225524902
6.054549217224121
6.15291690826416
6.067677021026611
6.1154255867004395
6.099725246429443
6.022000789642334
6.063991069793701
6.144773006439209
5.873610973358154
6.105194091796875
6.002659320831299
6.005874156951904
6.014909267425537
6.081573009490967
5.9975786209106445
6.109775066375732
6.177957534790039
6.000730037689209
5.897661209106445
5.84945011138916
5.948181629180908
6.035459995269775
6.047713279724121
6.005504131317139
5.941211223602295
6.161077976226807
5.831304550170898
5.971284866333008
5.927328109741211
5.901050567626953
6.02343225479126
6.069895267486572
6.034601211547852
5.9902873039245605
5.94536828994751
6.13764762878418
5.859447002410889
5.945661544799805
5.93931770324707
6.010649681091309
5.9319257736206055
5.920653820037842
6.053758144378662
5.881805896759033
6.0468597412109375
5.902473449707031
6.048917770385742
5.783364295959473
5.89473295211792
5.840862274169922
5.944347381591797
5.956282615661621
5.8387064933776855
5.809978008270264
5.970458984375
5.777312755584717
5.708591938018799
5.82293176651001
5.746387481689453
5.920205593109131
5.841651916503906
5.993403911590576
6.037315845489502
5.743031978607178
5.893156051635742
5.711607933044434
5.901133060455322
5.941388130187988
5.884902000427246
5.69398307800293
5.847831726074219
5.940223217010498
5.800920486450195
5.685393333435059
5.929521560668945
5.845475673675537
5.803621292114258
5.854833602905273
5.762549877166748
5.713198661804199
5.9176812171936035
5.742439270019531
5.763686180114746
5.750439167022705
5.718225002288818
5.8577375411987305
5.782939434051514
5.872903823852539
5.817129611968994
5.727479457855225
5.557609558105469
5.875400066375732
5.780758857727051
5.793062210083008
5.631716728210449
5.690284729003906
5.874773025512695
5.741552829742432
5.62786340713501
5.7327375411987305
5.661491394042969
5.902061939239502
5.688772201538086
5.75538969039917
5.567151069641113
5.758683681488037
5.721951007843018
5.582724571228027
5.6736955642700195
5.629823207855225
5.6765265464782715
5.78106689453125
5.7169928550720215
5.7735419273376465
5.567317962646484
5.656867980957031
5.457256317138672
5.842142581939697
5.620408058166504
5.814799785614014
5.633266448974609
5.649513244628906
5.612854957580566
5.657376289367676
5.350625991821289
5.751276969909668
5.710184097290039
5.651857376098633
5.7338972091674805
5.899652004241943
5.525913238525391
5.6608757972717285
5.638183116912842
5.556178092956543
5.723010540008545
5.506256580352783
5.356086254119873
5.605257511138916
5.559453964233398
5.714742660522461
5.61716365814209
5.47083044052124
5.515057563781738
5.475602626800537
5.508971214294434
5.548967361450195
5.523830413818359
5.443339824676514
5.56764554977417
5.6418328285217285
5.667811870574951
5.522862911224365
5.412336349487305
5.431941986083984
5.463245391845703
5.3643693923950195
5.442315101623535
5.428714752197266
5.420703411102295
5.440725803375244
5.438910961151123
5.563720226287842
5.364550590515137
5.46757173538208
5.528357982635498
5.384225845336914
5.363041400909424
5.523403167724609
5.535245895385742
5.5862908363342285
5.544486999511719
5.315837383270264
5.428719997406006
5.432677268981934
5.351773262023926
5.455458164215088
5.416321754455566
5.364872932434082
5.271755218505859
5.44545316696167
5.465162754058838
5.280464172363281
5.309929370880127
5.5497026443481445
5.474302768707275
5.479156970977783
5.298030853271484
5.367654323577881
5.44695520401001
5.249642848968506
5.310768127441406
5.285930633544922
5.284508228302002
5.397478103637695
5.397045135498047
5.411012172698975
5.480705738067627
5.361309051513672
5.374709606170654
5.546736717224121
5.173540115356445
5.362346649169922
5.346029281616211
5.291482448577881
5.327380657196045
5.390744686126709
5.399325370788574
5.533205509185791
5.4452409744262695
5.196308135986328
5.345299243927002
5.210854530334473
5.300713539123535
5.541039943695068
5.134259223937988
5.20586633682251
5.1544904708862305
5.33730936050415
5.299077033996582
5.205625534057617
5.149440765380859
5.305706024169922
5.163753509521484
5.242081642150879
5.165136337280273
5.217273712158203
5.12595272064209
5.299872398376465
5.326559543609619
5.245274543762207
5.254960060119629
5.436639308929443
5.154752731323242
5.086594581604004
5.2032694816589355
5.200099468231201
5.233087539672852
5.4088873863220215
5.261176109313965
5.194045543670654
5.06532621383667
5.115283489227295
5.265381813049316
5.165379524230957
5.384258270263672
5.233561992645264
5.3346757888793945
5.299887180328369
5.054398059844971
5.121838092803955
5.2154860496521
5.053584098815918
5.174213886260986
5.2154130935668945
4.867974281311035
5.074239730834961
5.228805065155029
5.087295055389404
5.017875671386719
5.300388813018799
5.206009864807129
5.198166370391846
4.895009517669678
5.116916179656982
5.084900379180908
5.010946273803711
5.228587627410889
4.892385482788086
4.9723005294799805
5.169950008392334
5.23953914642334
5.049600124359131
5.208283424377441
5.035560607910156
4.89605712890625
5.066806316375732
5.070953369140625
5.088565826416016
5.171844005584717
4.792229175567627
5.090056419372559
5.031686305999756
5.045595645904541
5.022716522216797
5.031984806060791
5.048323154449463
5.021576404571533
5.019685745239258
4.99456262588501
5.14532995223999
4.976578235626221
5.0031514167785645
4.970660209655762
4.90606164932251
5.009678363800049
4.903861045837402
4.764179706573486
4.882595539093018
5.136903285980225
4.802702903747559
4.9622368812561035
5.062139511108398
4.900326728820801
4.842493057250977
4.920169830322266
4.959894180297852
4.894174575805664
5.009255886077881
4.866620063781738
4.918102264404297
4.810290813446045
4.980795860290527
4.969576358795166
5.041009902954102
5.231058597564697
4.9972429275512695
4.762948513031006
4.866337776184082
4.9018096923828125
5.021984577178955
4.7383575439453125
4.648972511291504
4.8720316886901855
4.900125503540039
4.987473964691162
4.923442840576172
4.763615131378174
4.684164524078369
4.958827495574951
4.935378074645996
4.888194561004639
4.637772083282471
4.912522792816162
4.74233341217041
4.878008842468262
4.838773727416992
4.578551769256592
4.793616771697998
4.677807331085205
4.7328715324401855
4.7603302001953125
4.780145168304443
4.81363582611084
4.93414306640625
4.901356220245361
4.875236988067627
4.827786922454834
4.704705238342285
4.722563743591309
4.736730098724365
4.676690578460693
4.848458290100098
4.63865327835083
4.7909088134765625
4.9418206214904785
4.693567752838135
4.6388468742370605
4.8865966796875
4.534206390380859
4.711594104766846
4.763922691345215
4.727529048919678
4.837456226348877
4.593620300292969
4.534176826477051
4.653048992156982
4.765377044677734
4.377618312835693
4.638234615325928
4.707108020782471
4.762169361114502
4.606065273284912
4.567769527435303
4.618830680847168
4.58209753036499
4.808956623077393
4.632623672485352
4.5679826736450195
4.671638488769531
4.730184555053711
4.701716423034668
4.620167255401611
4.69611930847168
4.367413520812988
4.451941967010498
4.763650894165039
4.662290573120117
4.525689601898193
4.688241958618164
4.4988555908203125
4.578913688659668
4.480417251586914
4.428652286529541
4.3460540771484375
4.421346664428711
4.531094074249268
4.5506110191345215
4.479186058044434
4.453984260559082
4.479988098144531
4.761481761932373
4.441590309143066
4.597142696380615
4.553956985473633
4.634456157684326
4.363910675048828
4.598979949951172
4.435670375823975
4.453512191772461
4.6325531005859375
4.613198757171631
4.511789321899414
4.44948148727417
4.405666828155518
4.421819686889648
4.279639720916748
4.579682350158691
4.571498394012451
4.465476989746094
4.302903175354004
4.324117183685303
4.3586201667785645
4.503174304962158
4.550534725189209
4.351627826690674
4.3654866218566895
4.309989929199219
4.32293176651001
4.563628673553467
4.457200527191162
4.380796432495117
4.3554606437683105
4.488484859466553
4.4397993087768555
4.458485126495361
4.235730171203613
4.2813029289245605
4.149013996124268
4.443080902099609
4.261611461639404
4.333308219909668
4.275231838226318
4.198098182678223
4.231818675994873
4.382755756378174
4.188604831695557
4.3447699546813965
4.36260461807251
4.27324104309082
4.202243804931641
4.48305606842041
4.290224075317383
4.1585516929626465
4.2655348777771
4.12259578704834
4.299190998077393
4.054432392120361
4.352071762084961
4.146833419799805
4.474196434020996
4.305266857147217
4.147883415222168
4.195809364318848
4.293288230895996
4.21181583404541
4.157203197479248
4.014156341552734
4.2106757164001465
4.228639125823975
4.0848002433776855
3.9492623805999756
4.0928754806518555
4.196775436401367
4.130011558532715
4.3700714111328125
4.041049480438232
4.333807468414307
4.365940093994141
4.047910213470459
4.120916843414307
4.089621543884277
4.355883598327637
4.298717975616455
4.039351940155029
4.168146133422852
4.129073143005371
4.088645935058594
3.946812391281128
4.230457782745361
4.09213924407959
3.880844831466675
4.173675537109375
4.162749767303467
4.072640419006348
3.9924979209899902
4.0140862464904785
4.2041730880737305
4.027456760406494
3.943627119064331
4.36749792098999
3.831963062286377
4.118877410888672
4.093255043029785
3.8384013175964355
3.9759883880615234
4.0253729820251465
4.051419258117676
4.110626697540283
4.126496315002441
3.9149832725524902
3.886251211166382
4.027321815490723
3.9942047595977783
4.023184299468994
4.158817291259766
4.093589782714844
4.078469753265381
4.006898880004883
4.0531158447265625
4.023053169250488
4.088288307189941
4.104032516479492
3.9715147018432617
3.922628402709961
3.8668642044067383
4.046405792236328
3.9290640354156494
4.076060771942139
3.6878020763397217
3.9474053382873535
3.8542702198028564
3.9244532585144043
4.0310540199279785
3.6364517211914062
3.8994195461273193
3.7047290802001953
4.161036968231201
3.9115936756134033
3.7766711711883545
3.8682186603546143
3.8339433670043945
3.9894559383392334
3.8497328758239746
3.9304327964782715
3.741049289703369
3.8346517086029053
3.990442991256714
3.902743339538574
3.857243776321411
4.039299964904785
3.85457706451416
3.954350471496582
3.809128999710083
3.9995789527893066
3.8082029819488525
3.7437033653259277
3.653870105743408
4.021718502044678
3.987964630126953
3.8288638591766357
3.8286023139953613
3.764207601547241
3.7546634674072266
3.431464910507202
3.6850228309631348
3.7688777446746826
3.600862979888916
3.6659963130950928
3.695556640625
3.652219295501709
3.7266430854797363
3.770972967147827
3.7827987670898438
3.7384259700775146
3.8837859630584717
3.6535134315490723
3.6298224925994873
3.689221143722534
3.4997363090515137
3.786243200302124
3.689366340637207
3.844778299331665
3.802215099334717
3.904543161392212
3.9366250038146973
3.6318345069885254
3.5340473651885986
3.8647871017456055
3.8102943897247314
3.648465156555176
3.54119610786438
3.6843316555023193
3.678805351257324
3.6361494064331055
3.576321840286255
3.8377645015716553
3.5413835048675537
3.6051266193389893
3.4606497287750244
3.340769052505493
3.5871095657348633
3.6287083625793457
3.412693738937378
3.5361366271972656
3.6418843269348145
3.6265149116516113
3.5355734825134277
3.390514373779297
3.39892840385437
3.6080305576324463
3.725039005279541
3.4769997596740723
3.585637331008911
3.56086802482605
3.657212972640991
3.464042901992798
3.378325939178467
3.400125503540039
3.6211514472961426
3.704995632171631
3.498523473739624
3.6284189224243164
3.598893880844116
3.4771764278411865
3.7895667552948
3.480513334274292
3.5329952239990234
3.6217799186706543
3.474851608276367
3.787710428237915
3.251763343811035
3.5179574489593506
3.476754665374756
3.42836594581604
3.516711711883545
3.2446093559265137
3.5998306274414062
3.611955165863037
3.7467200756073
3.4788589477539062
3.3903045654296875
3.530296564102173
3.658270835876465
3.2401020526885986
3.490438222885132
3.5103023052215576
3.39564847946167
3.459946870803833
3.607940435409546
3.3693113327026367
3.355064868927002
3.3802380561828613
3.3423969745635986
3.2800753116607666
3.5074374675750732
3.3678395748138428
3.407487154006958
3.529930591583252
3.3939952850341797
3.58414363861084
3.2192184925079346
3.1844913959503174
3.278392791748047
3.3078367710113525
3.4171552658081055
3.261563539505005
3.400888681411743
3.190018892288208
3.312947988510132
3.5595922470092773
3.430072784423828
3.3740720748901367
3.2910215854644775
3.285900831222534
3.311342477798462
3.4264466762542725
3.490260362625122
3.6237218379974365
3.3141281604766846
3.2148735523223877
3.4127249717712402
3.323251485824585
3.177295684814453
3.4024367332458496
2.9869749546051025
3.183837652206421
3.3535237312316895
3.2656383514404297
3.3258509635925293
3.2103183269500732
3.0518295764923096
3.257866144180298
3.042173147201538
3.1442747116088867
3.0463149547576904
3.1275720596313477
3.181994915008545
3.1023805141448975
3.4123177528381348
3.098701238632202
3.2501142024993896
3.073500871658325
3.259618043899536
3.325056552886963
3.157820224761963
3.2551217079162598
3.173846960067749
3.2715423107147217
3.2579617500305176
3.1745193004608154
3.2228684425354004
3.130918502807617
3.1302998065948486
3.3575282096862793
3.1703481674194336
3.1346962451934814
3.0649478435516357
3.232632875442505
3.273740768432617
3.145894765853882
3.139988660812378
3.06540846824646
3.0424275398254395
3.102717161178589
3.210584878921509
3.141785144805908
2.9333579540252686
3.241337299346924
3.300518035888672
3.1221859455108643
3.1432416439056396
3.2519102096557617
2.9840950965881348
2.9930260181427
3.128763437271118
3.0643081665039062
3.2623350620269775
3.0106680393218994
3.0081610679626465
2.9568252563476562
3.1336615085601807
2.973874568939209
3.1659719944000244
3.2336761951446533
3.0153324604034424
2.931396722793579
3.1455020904541016
2.964959144592285
3.0638973712921143
3.155693292617798
2.96061372756958
2.9009995460510254
2.870185613632202
3.1256041526794434
2.9155361652374268
2.9457435607910156
3.093078374862671
3.1713688373565674
2.9436421394348145
3.048931837081909
2.884310722351074
2.9884979724884033
2.9538257122039795
3.1129870414733887
2.7247705459594727
2.876286268234253
2.8530642986297607
2.9258880615234375
2.9495720863342285
2.958547353744507
2.8671822547912598
2.872727632522583
2.8477632999420166
3.2319657802581787
3.1097304821014404
3.0767698287963867
2.8354954719543457
3.1098010540008545
2.986457347869873
2.9352924823760986
2.9374184608459473
2.773869037628174
2.927095651626587
2.90700101852417
2.9302685260772705
2.9338972568511963
2.6300134658813477
2.7882673740386963
2.9797346591949463
2.7121801376342773
3.1383814811706543
2.7475857734680176
2.807141065597534
2.9763588905334473
2.987154483795166
2.7068207263946533
2.7678792476654053
2.949754238128662
2.8306784629821777
2.8581433296203613
2.9051430225372314
2.5818605422973633
2.8052425384521484
2.615898370742798
2.830457925796509
2.7016828060150146
2.789351224899292
2.6814801692962646
2.863800048828125
2.8525757789611816
2.8112456798553467
2.746403694152832
2.7799766063690186
2.775923013687134
2.786780834197998
2.7123939990997314
2.6473217010498047
2.908088207244873
3.0216565132141113
2.651411533355713
2.5778067111968994
2.84373140335083
2.828601837158203
2.6419014930725098
2.67421817779541
2.697319746017456
2.8969075679779053
2.806309700012207
2.795232057571411
2.8572006225585938
2.7465660572052
2.689816951751709
2.888150215148926
2.9829468727111816
2.848055839538574
2.7180817127227783
2.6752688884735107
2.7287518978118896
2.669077157974243
2.8192813396453857
2.7998476028442383
2.674755811691284
2.862135410308838
2.516024112701416
2.8034067153930664
2.6951775550842285
2.6251726150512695
2.7422163486480713
2.464914321899414
2.4958059787750244
2.5797946453094482
2.39491868019104
2.7621376514434814
2.6886167526245117
2.666271924972534
2.4640142917633057
2.7273969650268555
2.488316297531128
2.8043360710144043
2.557082176208496
2.5425429344177246
2.75567626953125
2.8604609966278076
2.6121463775634766
2.678407907485962
2.604712724685669
2.721108913421631
2.6823058128356934
2.705476760864258
2.7244861125946045
2.589768171310425
2.661919355392456
2.5128402709960938
2.4954452514648438
2.6438591480255127
2.5794754028320312
2.7031822204589844
2.897977352142334
2.434450387954712
2.598875045776367
2.5686841011047363
2.543869733810425
2.5128347873687744
2.736273765563965
2.5701732635498047
2.616722583770752
2.350979804992676
2.60107159614563
2.709413766860962
2.5822157859802246
2.6483254432678223
2.5424795150756836
2.5871264934539795
2.530513286590576
2.4613709449768066
2.6006646156311035
2.7024645805358887
2.342944860458374
2.6446263790130615
2.5677547454833984
2.374152660369873
2.603240728378296
2.4845235347747803
2.334731101989746
2.3591694831848145
2.414247512817383
2.3278727531433105
2.5215892791748047
2.5601701736450195
2.6792876720428467
2.4404425621032715
2.365699052810669
2.4563684463500977
2.466012477874756
2.495603084564209
2.6910274028778076
2.5219600200653076
2.5892419815063477
2.5211517810821533
2.521007537841797
2.6338205337524414
2.3968124389648438
2.3773210048675537
2.405886173248291
2.459782838821411
2.278874635696411
2.5052788257598877
2.3407657146453857
2.529585123062134
2.4149038791656494
2.5220787525177
2.294051170349121
2.3725080490112305
2.4437363147735596
2.313857078552246
2.384760856628418
2.5656821727752686
2.3891711235046387
2.227034091949463
2.4621243476867676
2.4972760677337646
2.3529343605041504
2.4360556602478027
2.329235553741455
2.530670642852783
2.4278903007507324
2.243936538696289
2.3338799476623535
2.245648145675659
2.136763095855713
2.4483110904693604
2.3550355434417725
2.3340213298797607
2.226152181625366
2.4487197399139404
2.246699810028076
2.2669787406921387
2.1753952503204346
2.558523416519165
2.4164562225341797
2.3820838928222656
2.3743536472320557
2.4374516010284424
2.5642077922821045
2.3204917907714844
2.3196632862091064
2.3714945316314697
2.668818712234497
2.2883429527282715
2.421816110610962
2.050830841064453
2.4559810161590576
2.0347673892974854
2.2047781944274902
2.1327033042907715
2.4107186794281006
2.29874324798584
2.1008918285369873
2.2908012866973877
2.3321285247802734
2.3274660110473633
2.0599052906036377
2.0554819107055664
2.2785274982452393
2.2324299812316895
2.2471964359283447
2.176788330078125
2.4129154682159424
2.4032511711120605
2.379755735397339
2.273167133331299
2.3931446075439453
2.2221014499664307
2.4019696712493896
2.2318358421325684
2.0985336303710938
2.29286789894104
2.0734620094299316
2.081606864929199
2.136800765991211
2.3055479526519775
2.191763162612915
2.2474474906921387
2.281041145324707
1.9018200635910034
2.0458996295928955
2.269789934158325
1.9798988103866577
2.1351864337921143
2.265188694000244
2.2195959091186523
2.1121373176574707
2.109530210494995
2.0902600288391113
2.3551151752471924
2.147383213043213
2.275770664215088
2.1949079036712646
2.2226297855377197
2.2134156227111816
2.286604404449463
2.2140555381774902
2.159487247467041
2.20251727104187
2.12524676322937
1.9219743013381958
2.0505454540252686
2.1517086029052734
2.1118364334106445
2.0584716796875
1.9645732641220093
2.1025285720825195
2.0923807621002197
2.305280923843384
2.1171844005584717
2.1189372539520264
2.2425718307495117
2.15628981590271
2.132296085357666
2.102566957473755
2.042323112487793
1.9534480571746826
2.079460859298706