4.162121868133545
3.892959976196289
3.6027174472808836
3.234840250015259
3.0846402168273928
3.053596925735474
3.0380209922790526
3.0056810855865477
3.021879053115845
3.0729849338531494
2.9825093269348146
2.8736260414123533
2.9004115581512453
2.897556257247925
2.892042303085327
2.788596200942993
2.8547762870788573
2.737420177459717
2.778567171096802
2.6766926288604735
2.6102478981018065
2.6185202598571777
2.4373709201812743
2.537985610961914
2.5234306335449217
2.464130401611328
2.468101644515991
2.325097417831421
2.377323770523071
2.2739790439605714
2.268755006790161
2.2340055465698243
2.162637805938721
2.2576765537261965
2.1425576210021973
2.214940071105957
2.0685555696487428
2.0344141483306886
2.0583725929260255
1.9653964519500733
1.9786060810089112
1.9477784872055053
1.9599178075790404
1.8300641775131226
1.8414947271347046
1.8234572172164918
1.8115458726882934
1.7841776847839355
1.7133961915969849
1.6810091733932495
1.6769133806228638
1.6779762268066407
1.6354088544845582
1.6575870275497437
1.5752015113830566
1.580305242538452
1.5048412561416626
1.4762194633483887
1.4992435455322266
1.4388993740081788
1.4360110998153686
1.3416601181030274
1.3368674278259278
1.3247063159942627
1.286987018585205
1.2355148077011109
1.2210498571395874
1.234542727470398
1.2110869407653808
1.1749463558197022
1.1676217079162599
1.1398504495620727
1.1240946769714355
1.112523627281189
1.0454210877418517
1.0602809548377992
1.0339990735054017
1.0158811926841735
1.0150147438049317
0.9192577123641967
0.9785068511962891
0.9418966412544251
0.9147469878196717
0.8772720336914063
0.8468024015426636
0.8799748897552491
0.8562150835990906
0.8298727631568908
0.7917656302452087
0.7953927397727967
0.8164260149002075
0.7614235877990723
0.7360359907150269
0.7010366797447205
0.6944600224494935
0.6694770455360413
0.6648316979408264
0.6934421539306641
0.7021400213241578
0.6144887208938599
0.6340088844299316
0.6298279166221619
0.5983877897262573
0.614919126033783
0.6016506671905517
0.5773118257522583
0.5552327573299408
0.4915988087654114
0.5400534749031067
0.5127213180065155
0.5526043772697449
0.4910451233386993
0.46708370447158815
0.4335460186004639
0.48254644870758057
0.44414156675338745
0.4608101785182953
0.4601614236831665
0.4149172842502594
0.43467491269111636
0.37654025554656984
0.3742439687252045
0.36595472097396853
0.3725097417831421
0.36990801692008973
0.3689119219779968
0.33862504959106443
0.3111306011676788
0.35847280025482176
0.3292400300502777
0.3371493875980377
0.31780982613563535
0.2977042615413666
0.3070403397083282
0.26746157705783846
0.2688485324382782
0.2846513718366623
0.27455109655857085
0.23850638866424562
0.2623021572828293
0.2619234979152679
0.24467356503009796
0.24075853526592256
0.25426027476787566
0.2405206024646759
0.21454765796661376
0.24673222601413727
0.21801668405532837
0.22716743350028992
0.2303995370864868
0.19565643668174743
0.20693814158439636
0.2075232446193695
0.21009840965270996
0.19198501706123353
0.18290736973285676
0.1793806254863739
0.18257627189159392
0.17779863774776458
0.15829818099737167
0.15824606418609619
0.154779314994812
0.1600068300962448
0.16188361942768098
0.15038225650787354
0.14266397058963776
0.1469437837600708
0.16410818994045256
0.14007019102573395
0.1283417522907257
0.12323524802923203
0.1504978656768799
0.13572403490543367
0.13323044031858444
0.13790621161460875
0.12027808725833893
0.1150088593363762
0.13412895202636718
0.12126644551753998
0.1292956739664078
0.11662662178277969
0.12037817537784576
0.10689505338668823
0.10705463290214538
0.10589053183794021
0.09789181351661683
0.09560529887676239
0.10397838354110718
0.1057251438498497
0.09902914613485336
0.10652454197406769
0.09775144755840301
0.095863576233387
0.098105488717556
0.09241001009941101
0.08901152610778809
0.08439742177724838
0.07895653247833252
0.08626964092254638
0.08206256926059723