9.24339485168457
9.19524097442627
9.135767936706543
9.077252388000488
9.019518852233887
8.921961784362793
8.848329544067383
8.739587783813477
8.665325164794922
8.511683464050293
8.327271461486816
8.27812671661377
8.042447090148926
7.892001628875732
7.659535884857178
7.4781813621521
7.439399719238281
7.266615867614746
7.201042175292969
7.129214763641357
7.058753967285156
6.991531848907471
6.962855815887451
6.9135823249816895
6.800834655761719
6.921318054199219
6.890598297119141
6.888208389282227
6.807267189025879
6.924293518066406
6.843772888183594
6.83966588973999
6.780166149139404
6.711905002593994
6.7437005043029785
6.888392925262451
6.74379825592041
6.867670059204102
6.778275966644287
6.749436855316162
6.8441548347473145
6.832231521606445
6.774628162384033
6.908330917358398
6.82106351852417
6.792296409606934
6.7480669021606445
6.818073749542236
6.70067024230957
6.832675933837891
6.715095043182373
6.764875411987305
6.8396406173706055
6.8103766441345215
6.931300163269043
6.862131595611572
6.865728378295898
6.707456588745117
6.816778182983398
6.778796672821045
6.793558597564697
6.846958160400391
6.707123756408691
6.7868475914001465
6.760148048400879
6.906661033630371
6.8036041259765625
6.837967395782471
6.793906211853027
6.7331743240356445
6.816401481628418
6.795866012573242
6.82848596572876
6.818619251251221
6.8663458824157715
6.739723205566406
6.7660322189331055
6.74303674697876
6.755629062652588
6.844071388244629
6.717817783355713
6.653219699859619
6.715174198150635
6.686410427093506
6.773287773132324
6.750163555145264
6.718752384185791
6.724189758300781
6.77268648147583
6.7989349365234375
6.827029705047607
6.723820686340332
6.792694091796875
6.801165580749512
6.750825881958008
6.723886966705322
6.767273902893066
6.740370750427246
6.708310127258301
6.800327301025391
6.728147983551025
6.767940998077393
6.7314252853393555
6.804596900939941
6.823862552642822
6.716784477233887
6.674901485443115
6.759016513824463
6.675620079040527
6.771325588226318
6.708596229553223
6.7873334884643555
6.720343589782715
6.79630708694458
6.708887100219727
6.714035511016846
6.706757068634033
6.718881607055664
6.7346673011779785
6.752516269683838
6.692961692810059
6.6507720947265625
6.7163004875183105
6.697524070739746
6.71480131149292
6.800779819488525
6.679961204528809
6.690920352935791
6.747793674468994
6.676360607147217
6.802005290985107
6.714443206787109
6.707749366760254
6.738484859466553
6.617686748504639
6.73412561416626
6.682837963104248
6.687029838562012
6.728869438171387
6.725060939788818
6.707864761352539
6.684379577636719
6.687496662139893
6.6903977394104
6.7386698722839355
6.70686149597168
6.688783168792725
6.7325849533081055
6.700840473175049
6.727418422698975
6.6368608474731445
6.713769912719727
6.785118579864502
6.727716445922852
6.684741020202637
6.725235939025879
6.632954120635986
6.721028804779053
6.688351154327393
6.7077155113220215
6.6777448654174805
6.698169708251953
6.680394649505615
6.706585884094238
6.696727275848389
6.735286712646484
6.665585041046143
6.687190532684326
6.721996307373047
6.718286991119385
6.667625427246094
6.666211128234863
6.724496364593506
6.7212910652160645
6.7220258712768555
6.597235679626465
6.661382675170898
6.656917572021484
6.7301506996154785
6.6311936378479
6.656850337982178
6.674394607543945
6.6206793785095215
6.65546989440918
6.615912437438965
6.60530948638916
6.682403087615967
6.671438217163086
6.725770473480225
6.660708427429199
6.661465167999268
6.531103610992432
6.674992561340332
6.651584625244141
6.576530456542969
6.645961284637451
6.638185501098633
6.5935540199279785
6.590848445892334
6.589999198913574
6.735610008239746
6.676432132720947
6.623565673828125
6.543961048126221
6.706002712249756
6.644885063171387
6.600554466247559
6.648157119750977
6.681017875671387
6.650199890136719
6.66397762298584
6.656707286834717
6.5469794273376465
6.7115912437438965
6.684909820556641
6.673009395599365
6.591017246246338
6.662668704986572
6.5983147621154785
6.550083637237549
6.62374210357666
6.587348461151123
6.5897369384765625
6.596614837646484
6.557541847229004
6.512219429016113
6.612295627593994
6.618466854095459
6.60057258605957
6.692080497741699
6.509064197540283
6.47810173034668
6.555070400238037
6.477488040924072
6.5586652755737305
6.619545936584473
6.578375339508057
6.494449138641357
6.595937728881836
6.659152507781982
6.620368957519531
6.541069507598877
6.462347507476807
6.474506378173828
6.581404685974121
6.542047500610352
6.603994369506836
6.3740553855896
6.586453914642334
6.512415885925293
6.426451683044434
6.504339218139648
6.568367958068848
6.489044189453125
6.464735507965088
6.605580806732178
6.40631103515625
6.493541717529297
6.506402492523193
6.567981243133545
6.430729389190674
6.430122375488281
6.484103202819824
6.3942341804504395
6.403670787811279
6.410368919372559
6.454359531402588
6.3789238929748535
6.456156253814697
6.438952922821045
6.494991779327393
6.481395721435547
6.497232437133789
6.4683098793029785
6.385001182556152
6.436156272888184
6.384255409240723
6.360823154449463
6.507246017456055
6.312514305114746
6.281925678253174
6.287743091583252
6.341894149780273
6.434650897979736
6.40990686416626
6.4712748527526855
6.326649188995361
6.3659281730651855
6.273671627044678
6.338495254516602
6.25931978225708
6.3652496337890625
6.3264665603637695
6.310907363891602
6.381977558135986
6.370120048522949
6.283576965332031
6.270665645599365
6.328111171722412
6.392122268676758
6.250589370727539
6.271128177642822
6.304692268371582
6.303306579589844
6.296252727508545
6.150994777679443
6.240729808807373
6.2586894035339355
6.180142879486084
6.094882488250732
6.249505996704102
6.316072940826416
6.2080535888671875
6.316739559173584
6.188362121582031
6.197210311889648
6.137864112854004
6.21009635925293
6.159738063812256
6.296400547027588
6.095788955688477
6.211021900177002
6.212926864624023
6.14793062210083
6.266384124755859
6.254359722137451
6.102586269378662
6.198164939880371
6.130869388580322
6.155345916748047
6.045458793640137
6.055720329284668
6.1582794189453125
6.097114086151123
6.209451675415039
6.0396928787231445
6.075128078460693
6.116012096405029
6.114683628082275
6.058563232421875
6.009786605834961
6.10712194442749
6.021468639373779
6.026360988616943
6.195888996124268
5.96181058883667
6.016192436218262
6.1476335525512695
6.135046482086182
5.964334487915039
6.013364315032959
6.086829662322998
6.079045295715332
6.00233268737793
6.043633937835693
6.0246710777282715
5.947057247161865
6.071236610412598
6.096848011016846
6.057247161865234
6.099158763885498
6.088647842407227
5.915272235870361
5.9856648445129395
5.92598295211792
5.953126907348633
5.978608131408691
6.050499439239502
5.838456153869629
5.946445941925049
5.9637532234191895
5.96142578125
5.775070667266846
6.01079797744751
6.014773368835449
5.895608901977539
5.962626934051514
5.96181058883667
5.978159427642822
5.930721282958984
5.983634948730469
5.854549884796143
6.004927158355713
5.910689353942871
5.93032169342041
5.9853386878967285
5.949247360229492
5.8705153465271
5.904412746429443
5.823989391326904
5.881801605224609
5.906538486480713
5.763485431671143
5.910408973693848
5.991430759429932
5.852753639221191
5.90314245223999
5.799976825714111
5.724926471710205
5.859391689300537
5.7790846824646
5.891760349273682
5.837852954864502
5.833433628082275
5.840670108795166
5.812620162963867
5.792525291442871
5.840850830078125
5.848466396331787
5.894378185272217
5.833477020263672
5.757297992706299
5.948620319366455
5.8397932052612305
5.773805141448975
5.7859673500061035
5.7754716873168945
5.833797454833984
5.778814792633057
5.7966437339782715
5.671397686004639
5.699831008911133
5.769405364990234
5.764024257659912
5.803309440612793
5.755749225616455
5.787376403808594
5.75511360168457
5.698872089385986
5.747959613800049
5.738069534301758
5.690121650695801
5.831454753875732
5.591115951538086
5.8073577880859375
5.716785430908203
5.834293842315674
5.709049224853516
5.744080543518066
5.6791486740112305
5.646764755249023
5.760438919067383
5.628594875335693
5.730201244354248
5.610635757446289
5.663602828979492
5.687840461730957
5.8182902336120605
5.559648513793945
5.784637928009033
5.5796284675598145
5.737274169921875
5.461704254150391
5.641997814178467
5.623861789703369
5.602206707000732
5.5973358154296875
5.575111389160156
5.548420429229736
5.613175868988037
5.5920233726501465
5.5647125244140625
5.614106178283691
5.745567798614502
5.56736946105957
5.647243499755859
5.5380539894104
5.71592903137207
5.662266254425049
5.547168731689453
5.4903693199157715
5.665151596069336
5.6206374168396
5.439440727233887
5.5377912521362305
5.5894622802734375
5.423952579498291
5.659585952758789
5.549830913543701
5.61666202545166
5.587919235229492
5.525000095367432
5.552621364593506
5.499139308929443
5.49364709854126
5.490143299102783
5.373215675354004
5.482043743133545
5.4470601081848145
5.604331970214844
5.389446258544922
5.445419788360596
5.429512977600098
5.372091293334961
5.419641494750977
5.378531455993652
5.478909492492676
5.5599260330200195
5.380229949951172
5.49483585357666
5.355830192565918
5.349295139312744
5.51590633392334
5.424073219299316
5.428231239318848
5.429727077484131
5.362680435180664
5.381970405578613
5.495830059051514
5.387929916381836
5.532923221588135
5.383541107177734
5.488633632659912
5.28053617477417
5.2967000007629395
5.329888820648193
5.345545291900635
5.38187837600708
5.305493354797363
5.545897483825684
5.353464126586914
5.373506546020508
5.371901988983154
5.342858791351318
5.490035533905029
5.312960624694824
5.377459526062012
5.3570237159729
5.366958141326904
5.280004978179932
5.234372138977051
5.2753472328186035
5.284773826599121
5.290684700012207
5.324239730834961
5.345327854156494
5.316052436828613
5.312821865081787
5.229508876800537
5.356684684753418
5.207560062408447
5.324228286743164
5.238400936126709
5.267556190490723
5.223693370819092
5.3199920654296875
5.315700531005859
5.186856269836426
5.352766036987305
5.234371662139893
5.177244186401367
5.1784281730651855
5.242609977722168
5.2078070640563965
5.149916648864746
5.2736639976501465
5.205367565155029
5.259993553161621
5.216623306274414
5.235716819763184
5.149740695953369
5.113003253936768
5.022043704986572
5.18949031829834
5.189934730529785
5.191093921661377
5.137331485748291
5.206952095031738
5.215116500854492
5.272470951080322
5.173422336578369
5.055861473083496
5.134368896484375
5.123688220977783
5.148834705352783
5.146273612976074
5.140582084655762
5.271894931793213
5.131126880645752
5.206973552703857
5.246328830718994
5.229315757751465
5.179905414581299
5.155077934265137
4.9411540031433105
5.096196174621582
5.096342086791992
5.239390850067139
5.053308010101318
5.094816207885742
5.065804481506348
5.0586113929748535
5.063433647155762
5.064926624298096
5.094309329986572
5.1689043045043945
5.166505813598633
5.177060127258301
5.173579216003418
5.016629219055176
5.192820072174072
5.139563083648682
4.902767181396484
5.125408172607422
5.0738911628723145
5.007263660430908
4.946854114532471
5.110454559326172
5.021883964538574
4.988095283508301
4.997428894042969
5.197692394256592
4.96409797668457
5.017629623413086
5.073545455932617
5.01970100402832
4.962652206420898
4.985587120056152
5.081476211547852
4.911849498748779
4.97999382019043
5.0135087966918945
5.118175506591797
5.116414546966553
5.029228687286377
5.007261753082275
4.997034072875977
4.961823463439941
5.071784019470215
4.990493297576904
4.929479598999023
4.964461803436279
4.9771809577941895
5.009725093841553
4.944717884063721
4.929579734802246
4.9804463386535645
4.970517158508301
5.0554094314575195
4.925746917724609
5.070991516113281
4.902417182922363
4.947864532470703
4.88349723815918
4.912540912628174
4.894243240356445
4.878721714019775
4.9839324951171875
4.9881205558776855
4.865384101867676
4.864771842956543
4.937689304351807
4.956340789794922
4.953308582305908
4.9412431716918945
4.872196674346924
4.948019027709961
4.865682601928711
4.918063640594482
4.861989974975586
4.88090181350708
4.939450740814209
4.794399261474609
4.922723770141602
4.787719249725342
4.880422115325928
4.861985206604004
4.814937114715576
4.861989974975586
4.905994415283203
4.803630352020264
4.816478252410889
4.835551738739014
4.727605819702148
4.693821907043457
4.7020087242126465
4.699626445770264
4.734692573547363
4.881895065307617
4.761692523956299
4.824451923370361
4.640791893005371
4.7673020362854
4.7255778312683105
4.866740703582764
4.734289646148682
4.82942533493042
4.791477203369141
4.682224273681641
4.853392124176025
4.746800422668457
4.816775798797607
4.813603401184082
4.856998920440674
4.826958179473877
4.8588948249816895
4.824887752532959
4.564700126647949
4.663354396820068
4.918004035949707
4.76140022277832
4.574431419372559
4.662073612213135
4.7015581130981445
4.638328552246094
4.705787181854248
4.8152008056640625
4.781044006347656
4.5766682624816895
4.83933687210083
4.722580432891846
4.747370719909668
4.470212459564209
4.722843170166016
4.594305992126465
4.6014580726623535
4.666961669921875
4.6841139793396
4.855358600616455
4.644085884094238
4.638915538787842
4.652277946472168
4.608490943908691
4.607816696166992
4.798641204833984
4.6354289054870605
4.641895771026611
4.547987937927246
4.659273624420166
4.684874534606934
4.591912269592285
4.628886699676514
4.610606670379639
4.572159767150879
4.639291286468506
4.557461261749268
4.7172770500183105
4.637463569641113
4.5865631103515625
4.529853820800781
4.439548969268799
4.6283135414123535
4.525335311889648
4.510303020477295
4.5714545249938965
4.598225116729736
4.507567405700684
4.5650434494018555
4.487714767456055
4.4329915046691895
4.570497035980225
4.647296905517578
4.542105197906494
4.658659934997559
4.5048112869262695
4.565603256225586
4.6720733642578125
4.399086952209473
4.524622440338135
4.6540021896362305
4.51426887512207
4.573976039886475
4.496608257293701
4.53413200378418
4.5306291580200195
4.626635551452637
4.444746494293213
4.511409282684326
4.484625816345215
4.540364742279053
4.5029296875
4.4190263748168945
4.523520469665527
4.4665961265563965
4.482664108276367
4.4462571144104
4.423854827880859
4.4300007820129395
4.371206283569336
4.5421223640441895
4.437718391418457
4.515805244445801
4.515532493591309
4.592495918273926
4.452080249786377
4.399432182312012
4.476539134979248
4.311448097229004
4.60237455368042
4.402739524841309
4.4078521728515625
4.384312629699707
4.408039093017578
4.531533718109131
4.433093070983887
4.333252429962158
4.58281135559082
4.451920986175537
4.288483142852783
4.39772891998291
4.521829128265381
4.425585746765137
4.4068922996521
4.328973770141602
4.388192653656006
4.529879570007324
4.3769612312316895
4.251845359802246
4.404783725738525
4.441479206085205
4.440670967102051
4.398094654083252
4.203890323638916
4.465400695800781
4.272965908050537
4.335571765899658
4.406922817230225
4.358543872833252
4.285340309143066
4.318270206451416
4.291660308837891
4.341618537902832
4.311161041259766
4.247612476348877
4.376136302947998
4.408565998077393
4.302618980407715
4.3742804527282715
4.335885047912598
4.2906365394592285
4.26399564743042
4.384472370147705
4.46169376373291
4.36839485168457
4.20601224899292
4.310258865356445
4.189050674438477
4.343636512756348
4.269118309020996
4.190889835357666
4.100764751434326
4.294857025146484
4.2695112228393555
4.15369176864624
4.296203136444092
4.175553321838379
4.262956142425537
4.281633377075195
4.188357830047607
4.286782741546631
4.189722061157227
4.3533935546875
4.267874717712402
4.157796382904053
4.3145294189453125
4.130064487457275
4.15079402923584
4.272368431091309
4.174349784851074
4.269199848175049
4.135844707489014
4.151662349700928
4.389754772186279
4.255332946777344
4.2596611976623535
4.121380805969238
4.28947639465332
4.224255561828613
4.218153476715088
4.2991766929626465
4.144320487976074
4.18794059753418
4.078782558441162
4.152647495269775
4.261819362640381
4.090413570404053
4.10184907913208
4.17946720123291
4.101253986358643
4.030978202819824
4.150665283203125
4.008681297302246
4.024569988250732
4.103176593780518
4.14717960357666
4.053181171417236
4.108892440795898
3.9788618087768555
3.937793016433716
4.06996488571167
4.1693010330200195
4.1591997146606445
4.1728339195251465
4.058754920959473
4.020622730255127
4.09354305267334
4.095701217651367
3.9033877849578857
4.081133842468262
4.199612140655518
4.068528652191162
4.040164470672607
3.984283924102783
4.11902379989624
3.9505233764648438
4.01469612121582
4.14365291595459
4.052858352661133
4.050413608551025
4.0257768630981445
4.1010518074035645
3.9763238430023193
3.9354441165924072
4.104020595550537
4.0826735496521
4.039760112762451
4.120672225952148
3.9374914169311523
3.892993450164795
3.9346299171447754
4.11874532699585
3.989370822906494
4.243504047393799
3.803462028503418
4.014132022857666
3.896178722381592
3.911226511001587
4.099493980407715
3.8888001441955566
3.9240100383758545
3.9814209938049316
3.750692129135132
4.006865978240967
4.0280632972717285
4.025341033935547
3.9998879432678223
4.059628963470459
3.943500280380249
3.9485385417938232
3.994553804397583
3.9433186054229736
3.928764581680298
3.942319869995117
3.9273428916931152
4.030693054199219
3.8534095287323
3.789430618286133
3.809095621109009
3.926098346710205
3.890787124633789
3.893153667449951
4.042572021484375
3.9179580211639404
3.9176371097564697
3.8824410438537598
3.8363590240478516
3.8868987560272217
3.9737229347229004
3.864480495452881
3.930398464202881
3.8375141620635986
3.776808977127075
3.8350207805633545
3.856961727142334
3.9887375831604004
3.78965163230896
3.805182695388794
3.934852361679077
3.9255306720733643
3.882030487060547
3.830892324447632
3.9369335174560547
3.8076765537261963
3.858982563018799
3.8589813709259033
3.8240268230438232
3.8234798908233643
3.664386034011841
3.7281479835510254
3.8406851291656494
3.9208269119262695
3.752931833267212
3.839258909225464
3.782853126525879
3.7817630767822266
3.8648266792297363
3.8653512001037598
3.8276655673980713
3.8152365684509277
3.820972204208374
3.605962038040161
3.780925989151001
3.8640620708465576
3.7733230590820312
3.757483959197998
3.8080403804779053
3.721870183944702
3.864423990249634
3.9075217247009277
3.719571590423584
3.7890381813049316
3.7507638931274414
3.773808002471924
3.5326290130615234
3.677436590194702
3.734969139099121
3.585400104522705
3.5643088817596436
3.6681132316589355
3.6860837936401367
3.6185498237609863
3.8033246994018555
3.7240707874298096
3.6643872261047363
3.897176504135132
3.7584056854248047
3.680706262588501
3.7008888721466064
3.621554136276245
3.6853480339050293
3.7409839630126953
3.639509916305542
3.5627219676971436
3.5760087966918945
3.586268186569214
3.771449089050293
3.659597158432007
3.618861436843872
3.612938165664673
3.5777223110198975
3.6747918128967285
3.5267891883850098
3.5313687324523926
3.491337537765503
3.577807664871216
3.6550185680389404
3.8190712928771973
3.6089885234832764
3.7420270442962646
3.653346300125122
3.604964256286621
3.6440987586975098
3.6017730236053467
3.580681800842285
3.6653177738189697
3.585953712463379
3.6692514419555664
3.4805915355682373
3.5025455951690674
3.6176748275756836
3.5997202396392822
3.618985891342163
3.6185216903686523
3.439730167388916
3.588707685470581
3.580293655395508
3.7565696239471436
3.649538516998291
3.7125277519226074
3.5482900142669678
3.6960718631744385
3.56177020072937
3.5713841915130615
3.4843287467956543
3.643813133239746
3.4856338500976562
3.5507171154022217
3.6158509254455566
3.619760513305664
3.457834005355835
3.4937634468078613
3.386308193206787
3.5045619010925293
3.6690657138824463
3.527055025100708
3.461527109146118
3.5872485637664795
3.6219916343688965
3.6143908500671387
3.5144317150115967
3.4721455574035645
3.414111614227295
3.4646196365356445
3.4670493602752686
3.4763550758361816
3.3792014122009277
3.446150779724121
3.6506009101867676
3.437032461166382
3.421940803527832
3.4694790840148926
3.422475814819336
3.512411594390869
3.405816078186035
3.459583044052124
3.4754679203033447
3.4590959548950195
3.3366827964782715
3.527113437652588
3.431917667388916
3.367100477218628
3.3202273845672607
3.3671419620513916
3.334190607070923
3.4455738067626953
3.5417816638946533
3.4418447017669678
3.503037452697754
3.3304765224456787
3.3812358379364014
3.3710732460021973
3.302083730697632
3.475339412689209
3.393484115600586
3.280961275100708
3.2976062297821045
3.285207986831665
3.315911293029785
3.3691282272338867
3.4087321758270264
3.413560390472412
3.359680652618408
3.4685328006744385
3.358952760696411
3.527707099914551
3.4306623935699463
3.353527545928955
3.172532796859741
3.40714693069458
3.4756357669830322
3.3418498039245605
3.284036159515381
3.3918046951293945
3.2548656463623047
3.446822166442871
3.3176636695861816
3.355140209197998
3.4293370246887207
3.271428346633911
3.3903167247772217
3.183093786239624
3.32629132270813
3.293034076690674
3.3257124423980713
3.28936767578125
3.2444024085998535
3.40488600730896
3.3607754707336426
3.3708598613739014
3.326540231704712
3.2560129165649414
3.1402604579925537
3.3837709426879883
3.3153138160705566
3.291496992111206
3.3219919204711914
3.3009560108184814
3.414052963256836
3.3510100841522217
3.2324330806732178
3.551161050796509
3.2589070796966553
3.1292777061462402
3.1969382762908936
3.2914011478424072
3.2699155807495117
3.241997718811035
3.175407648086548
3.238877058029175
3.2374298572540283
3.3361432552337646
3.1680386066436768
3.1913461685180664
3.318695545196533
3.134341239929199
3.242332935333252
3.3314294815063477
3.196751832962036
3.0784482955932617
3.278820276260376
3.14111328125
3.0539021492004395
3.252720594406128
3.127039670944214
3.0461509227752686
3.1116628646850586
3.300002336502075
3.020418167114258
3.083569288253784
3.028214931488037
3.232424736022949
3.279796600341797
3.345069169998169
3.2355034351348877
3.1202056407928467
3.254199266433716
3.124483346939087
3.212918996810913
3.0156733989715576
3.2517187595367437.907626152038574
7.836367130279541
7.955461025238037
7.850924015045166
7.8054804801940927.907626152038574
7.836367130279541
7.955461025238037
7.850924015045166
7.805480480194092
7.89963436126709
7.719175815582275
7.918039798736572
7.961102485656738
7.75751256942749