8.812679290771484
8.725103378295898
8.638845443725586
8.550034523010254
8.468461990356445
8.365289688110352
8.249920845031738
8.107427597045898
7.984698295593262
7.869085788726807
7.746969699859619
7.5800862312316895
7.436983585357666
7.3638153076171875
7.2372541427612305
7.129995822906494
7.097362041473389
6.960388660430908
6.89268159866333
6.922968864440918
6.82761812210083
6.791040897369385
6.780823707580566
6.786645412445068
6.785242080688477
6.698241710662842
6.709404945373535
6.656835556030273
6.73972749710083
6.74082088470459
6.528049468994141
6.603332996368408
6.744861602783203
6.7543840408325195
6.700192928314209
6.712916374206543
6.74923038482666
6.7440900802612305
6.683685302734375
6.761109352111816
6.656893253326416
6.76154088973999
6.721213340759277
6.742435932159424
6.6385650634765625
6.6280717849731445
6.725681304931641
6.724236488342285
6.673350811004639
6.666412830352783
6.6533026695251465
6.647807598114014
6.678913116455078
6.7207231521606445
6.788191795349121
6.699061870574951
6.7148213386535645
6.7043585777282715
6.659971237182617
6.730533599853516
6.743983745574951
6.763585567474365
6.641217231750488
6.686489105224609
6.660045146942139
6.656131267547607
6.651329040527344
6.613052845001221
6.702325820922852
6.705131530761719
6.662133693695068
6.585409164428711
6.6213507652282715
6.593484401702881
6.620663166046143
6.660665512084961
6.750242710113525
6.69744873046875
6.598615646362305
6.688406467437744
6.710964679718018
6.670903205871582
6.626512050628662
6.698119640350342
6.720934867858887
6.663830757141113
6.590250015258789
6.5924577713012695
6.630141735076904
6.622811794281006
6.5596604347229
6.575460910797119
6.578143119812012
6.63116979598999
6.667760848999023
6.760504245758057
6.671835899353027
6.702733039855957
6.661665916442871
6.634623050689697
6.62901496887207
6.595950603485107
6.611303329467773
6.69021463394165
6.691666126251221
6.617160320281982
6.67805290222168
6.653141975402832
6.66049861907959
6.664805889129639
6.618388652801514
6.656580924987793
6.676206111907959
6.545956134796143
6.710434913635254
6.700020790100098
6.659225940704346
6.632402420043945
6.679004192352295
6.590545654296875
6.639312744140625
6.682339191436768
6.5832648277282715
6.595185279846191
6.595197677612305
6.620602607727051
6.640199661254883
6.633202075958252
6.555079936981201
6.535221576690674
6.700727462768555
6.5708136558532715
6.526562213897705
6.5501179695129395
6.582927703857422
6.633368968963623
6.494744777679443
6.505398273468018
6.5130934715271
6.569286346435547
6.562286853790283
6.588568210601807
6.608030319213867
6.586299419403076
6.497272968292236
6.486342430114746
6.493546009063721
6.547410488128662
6.642428874969482
6.590477466583252
6.515193462371826
6.548361301422119
6.614033222198486
6.549693584442139
6.492475509643555
6.549057960510254
6.554661273956299
6.522525787353516
6.651846408843994
6.504773139953613
6.504786968231201
6.583548069000244
6.521362781524658
6.562629222869873
6.528850555419922
6.607328414916992
6.445962429046631
6.4493794441223145
6.528777122497559
6.447562217712402
6.456676006317139
6.481889247894287
6.440029144287109
6.4898247718811035
6.49307918548584
6.469112873077393
6.425047397613525
6.494165897369385
6.491776466369629
6.490523815155029
6.471216678619385
6.497116565704346
6.420618534088135
6.366570949554443
6.420385360717773
6.417459011077881
6.5239152908325195
6.38608980178833
6.338054180145264
6.35503625869751
6.436069488525391
6.450809478759766
6.367671966552734
6.3221964836120605
6.409613132476807
6.348240375518799
6.376378059387207
6.403249740600586
6.4253740310668945
6.414157390594482
6.3445234298706055
6.325070858001709
6.297587871551514
6.277384281158447
6.3503546714782715
6.339850425720215
6.290604114532471
6.3549885749816895
6.383328914642334
6.339279651641846
6.33801794052124
6.25560998916626
6.2534942626953125
6.307919979095459
6.295012950897217
6.307137966156006
6.316893577575684
6.227599620819092
6.2101640701293945
6.241770267486572
6.313621520996094
6.212398529052734
6.310873031616211
6.289767265319824
6.275449752807617
6.241797924041748
6.206478118896484
6.2169108390808105
6.245007514953613
6.159832954406738
6.1417460441589355
6.186984539031982
6.191430568695068
6.341156482696533
6.176104545593262
6.053084373474121
6.1004204750061035
6.095942497253418
6.16689920425415
6.169701099395752
6.056150436401367
6.0753021240234375
6.131579399108887
6.18690299987793
6.191747665405273
6.093832015991211
6.154329299926758
6.109931945800781
6.159632682800293
6.104470252990723
6.042713165283203
6.059498310089111
6.0424723625183105
5.941003799438477
6.004782199859619
6.02625036239624
6.047953128814697
6.007560729980469
6.008733749389648
5.94114351272583
5.954010009765625
5.928068161010742
5.983834743499756
5.9871602058410645
5.931645393371582
5.9924468994140625
5.998773574829102
6.000455856323242
5.949545383453369
6.017155647277832
5.9790730476379395
5.9200544357299805
5.915626049041748
5.876889705657959
5.871342182159424
5.888554096221924
5.8303704261779785
5.854378700256348
5.94249153137207
5.894722938537598
5.8148698806762695
5.902712821960449
5.8511643409729
5.8050055503845215
5.8651604652404785
5.812984466552734
6.021565914154053
5.9082794189453125
5.897634506225586
5.741701126098633
5.786053657531738
5.698897361755371
5.882091999053955
5.806014537811279
5.796403884887695
5.769830703735352
5.830041885375977
5.712350368499756
5.752540111541748
5.643101692199707
5.721807956695557
5.703307628631592
5.688251972198486
5.545791149139404
5.7226691246032715
5.688835620880127
5.6897783279418945
5.608044147491455
5.614214897155762
5.693238258361816
5.721820831298828
5.690908432006836
5.639822959899902
5.712364673614502
5.700963973999023
5.595503330230713
5.63009786605835
5.7122483253479
5.5420403480529785
5.637685775756836
5.5400614738464355
5.523617267608643
5.72769832611084
5.594108581542969
5.5324320793151855
5.493003845214844
5.581683158874512
5.501534461975098
5.467005729675293
5.513951301574707
5.688727378845215
5.55333948135376
5.5194220542907715
5.602128982543945
5.565831184387207
5.450314044952393
5.551365852355957
5.479389667510986
5.490633487701416
5.538940906524658
5.461146831512451
5.3910040855407715
5.338344097137451
5.479752540588379
5.481436729431152
5.334283828735352
5.587349891662598
5.509402751922607
5.3251633644104
5.393256664276123
5.451658248901367
5.470252990722656
5.5353264808654785
5.358419895172119
5.369347095489502
5.5104546546936035
5.423698902130127
5.280941486358643
5.2878546714782715
5.356505870819092
5.339757442474365
5.174776077270508
5.33567476272583
5.260416507720947
5.323542594909668
5.373378276824951
5.3260064125061035
5.284681797027588
5.318061351776123
5.3590264320373535
5.215061187744141
5.330671787261963
5.240410327911377
5.295830249786377
5.304804801940918
5.234516143798828
5.12894868850708
5.19671106338501
5.194950103759766
5.26370096206665
5.164267539978027
5.264901161193848
5.179219722747803
5.1935648918151855
5.248942852020264
5.228731632232666
5.239761829376221
5.170945644378662
5.229396820068359
5.080801963806152
5.051469802856445
5.186585426330566
5.082826137542725
5.037480354309082
5.229311466217041
5.077582359313965
5.028598785400391
5.102420330047607
5.03106164932251
5.145030498504639
5.084441184997559
5.101484775543213
5.015551567077637
5.1135149002075195
5.06508207321167
4.875519752502441
4.979888439178467
4.974750995635986
4.927999496459961
4.951235771179199
4.895864009857178
5.080358982086182
5.069200038909912
4.8332600593566895
5.05241060256958
4.99992561340332
4.925271511077881
4.936561584472656
4.882623672485352
5.048820495605469
5.022785186767578
4.882052898406982
4.874112606048584
5.076078414916992
4.832455635070801
4.994316101074219
4.962859630584717
4.899147987365723
4.945363521575928
4.885030269622803
4.77576208114624
4.975220203399658
4.789041042327881
4.80354118347168
4.817340850830078
4.676995277404785
4.912170886993408
4.87542724609375
4.903518199920654
4.861055374145508
4.819870471954346
4.746410846710205
4.720683574676514
4.686004638671875
4.803873538970947
4.718425750732422
4.718453884124756
4.757801055908203
4.725082874298096
4.667686939239502
4.745349407196045
4.795454502105713
4.656023979187012
4.693098545074463
4.662534236907959
4.695392608642578
4.597631931304932
4.76663064956665
4.684690952301025
4.681459903717041
4.6080780029296875
4.672808647155762
4.6888203620910645
4.595362186431885
4.613030910491943
4.690266132354736
4.496400356292725
4.577259540557861
4.470282554626465
4.5985236167907715
4.39743709564209
4.470110893249512
4.43060302734375
4.578161239624023
4.4754486083984375
4.47196626663208
4.405981063842773
4.491507530212402
4.57335090637207
4.516617298126221
4.546318054199219
4.450303077697754
4.333511829376221
4.435454368591309
4.530515670776367
4.413959980010986
4.58274507522583
4.453744888305664
4.367146968841553
4.563662528991699
4.48397159576416
4.373854637145996
4.32793664932251
4.330672740936279
4.405214786529541
4.421947479248047
4.424440383911133
4.389827728271484
4.308263301849365
4.281007766723633
4.331962585449219
4.303781509399414
4.341463565826416
4.323744297027588
4.403952598571777
4.369643688201904
4.217491626739502
4.300144195556641
4.33877420425415
4.111719608306885
4.227654457092285
4.280616283416748
4.316544055938721
4.1683149337768555
4.194309711456299
4.300073146820068
4.256616592407227
4.1731791496276855
4.059773921966553
4.216434478759766
4.120742321014404
4.121014595031738
4.2190446853637695
4.011552333831787
4.213870525360107
4.119651794433594
4.112575054168701
4.189478874206543
4.251888275146484
4.13730001449585
4.1102213859558105
4.093506813049316
4.112040042877197
4.129922389984131
3.9727721214294434
4.113945960998535
4.056878566741943
4.047878742218018
4.064460277557373
4.053764820098877
4.039777755737305
3.9195170402526855
4.143489360809326
4.129448413848877
3.992485284805298
4.028083801269531
4.009182929992676
3.979618787765503
4.0497307777404785
3.9822816848754883
4.099188327789307
3.960752248764038
4.037733554840088
4.035299301147461
4.029536247253418
3.962230920791626
3.9201745986938477
4.086705207824707
3.896963119506836
3.885282278060913
3.872818946838379
3.9932570457458496
3.8684957027435303
3.793581962585449
3.9524028301239014
3.8606197834014893
3.730250597000122
3.8145110607147217
3.772808790206909
3.9192566871643066
3.831934690475464
3.9002881050109863
3.8081350326538086
3.8782830238342285
3.7448368072509766
3.817319631576538
3.7799763679504395
3.8276939392089844
3.8517022132873535
3.78623104095459
3.781818389892578
3.7356321811676025
3.5723302364349365
3.7571957111358643
3.721029281616211
3.729672908782959
3.7019643783569336
3.771461248397827
3.7373087406158447
3.628694534301758
3.7408125400543213
3.745849847793579
3.7186572551727295
3.7937326431274414
3.765561819076538
3.781198501586914
3.609492301940918
3.6458232402801514
3.757166862487793
3.5858826637268066
3.7795119285583496
3.6866698265075684
3.670433759689331
3.447042226791382
3.586115837097168
3.634979009628296
3.552861213684082
3.643873691558838
3.593172073364258
3.6371138095855713
3.54372239112854
3.519103527069092
3.411165714263916
3.4302990436553955
3.5380306243896484
3.5190374851226807
3.5273609161376953
3.565802574157715
3.651357650756836
3.533409595489502
3.4426424503326416
3.5813632011413574
3.3984909057617188
3.4557783603668213
3.4595553874969482
3.512815237045288
3.4578166007995605
3.4952595233917236
3.390382766723633
3.726888418197632
3.43188738822937
3.5518927574157715
3.505880832672119
3.3740642070770264
3.41633939743042
3.3899142742156982
3.3553640842437744
3.5333967208862305
3.3817574977874756
3.2165071964263916
3.3711352348327637
3.2568435668945312
3.278615951538086
3.4126410484313965
3.5907323360443115
3.3339035511016846
3.4232892990112305
3.2147324085235596
3.2892911434173584
3.439807176589966
3.3377060890197754
3.340704917907715
3.3049182891845703
3.314631938934326
3.3251826763153076
3.25508975982666
3.4105465412139893
3.3097479343414307
3.2707223892211914
3.0878617763519287
3.217348098754883
3.273871898651123
3.3153398036956787
3.246267318725586
3.147757053375244
3.335545539855957
3.2259342670440674
3.179600477218628
3.337554693222046
3.305270195007324
2.9939746856689453
3.127519130706787
3.1242949962615967
3.2693912982940674
3.0797061920166016
3.285062789916992
3.194206953048706
3.1499505043029785
3.067124128341675
3.1595091819763184
3.1699466705322266
3.03535532951355
3.145782947540283
3.193531036376953
3.119079828262329
3.230473756790161
3.1076297760009766
3.0871410369873047
2.9783012866973877
3.2903008460998535
2.9919145107269287
3.012887477874756
3.171140670776367
3.0562283992767334
3.1162867546081543
3.0624773502349854
2.8076789379119873
2.971029758453369
2.9885900020599365
2.9444851875305176
2.9714550971984863
3.024991512298584
3.060755968093872
2.790071487426758
3.0407307147979736
2.7928709983825684
3.0713205337524414
2.985985279083252
2.8711559772491455
3.0168542861938477
3.1208086013793945
3.0443520545959473
2.9070065021514893
2.928119421005249
2.8483619689941406
2.9645469188690186
2.852797031402588
2.868725299835205
2.9626762866973877
2.9947431087493896
2.976304054260254
2.7925331592559814
2.8689727783203125
2.8918187618255615
2.9647881984710693
2.9337539672851562
2.8008008003234863
2.9176278114318848
2.785054922103882
2.8793232440948486
2.8687357902526855
2.899420738220215
2.905787706375122
2.743492603302002
2.997657537460327
2.808079719543457
2.8680644035339355
2.796205997467041
2.7525835037231445
2.874694585800171
2.825148582458496
2.68209171295166
2.770597457885742
2.7084624767303467
2.7697384357452393
2.877939462661743
2.774775743484497
2.588775396347046
2.81211519241333
2.6483824253082275
2.722547769546509
2.7623491287231445
2.8621060848236084
2.7717719078063965
2.5901105403900146
2.6683526039123535
2.5613062381744385
2.6023941040039062
2.7678520679473877
2.6064138412475586
2.600444793701172
2.642150640487671
2.632143974304199
2.7186622619628906
2.7350234985351562
2.581444025039673
2.6735763549804688
2.704007863998413
2.7287206649780273
2.4609673023223877
2.6472744941711426
2.5484185218811035
2.6383819580078125
2.7413835525512695
2.540297269821167
2.575576066970825
2.626041889190674
2.547545909881592
2.5042645931243896
2.625077724456787
2.4029464721679688
2.565185308456421
2.6739277839660645
2.4981517791748047
2.6247711181640625
2.416029691696167
2.471266031265259
2.59761905670166
2.4979045391082764
2.485131025314331
2.372452735900879
2.645433187484741
2.4740357398986816
2.539947509765625
2.433771848678589
2.4689977169036865
2.5847136974334717
2.5027642250061035
2.565143346786499
2.392396926879883
2.535304069519043
2.3113064765930176
2.5244977474212646
2.332710027694702
2.4593276977539062
2.5550966262817383
2.4237141609191895
2.4933156967163086
2.3946094512939453
2.427612543106079
2.3091039657592773
2.446455240249634
2.405907154083252
2.3633832931518555
2.4874494075775146
2.302631378173828
2.3188648223876953
2.3523197174072266
2.402272939682007
2.3390026092529297
2.3496787548065186
2.3897864818573
2.3195414543151855
2.3948771953582764
2.347991704940796
2.2011618614196777
2.362130641937256
2.3922078609466553
2.2904274463653564
2.249650239944458
2.2560296058654785
2.174312114715576
2.4104623794555664
2.109278678894043
2.418058395385742
2.3463006019592285
2.3493130207061768
2.243640184402466
2.4066994190216064
2.2295477390289307
2.378087043762207
2.3037281036376953
2.199759006500244
2.2933361530303955
2.2068421840667725
2.144770383834839
2.2021374702453613
2.285958766937256
2.2990572452545166
2.2464938163757324
2.216158628463745
2.157748222351074
2.2197558879852295
2.4004180431365967
2.0482659339904785
2.2709860801696777
2.1986818313598633
2.2589707374572754
2.1197705268859863
2.16072678565979
2.2652394771575928
2.0948410034179688
2.2948663234710693
2.130976438522339
2.2825489044189453
2.045001745223999
2.081717014312744
2.1373565196990967
2.2343859672546387
2.181431531906128
2.2335665225982666
2.110710382461548
2.0591275691986084
2.0090959072113037
1.964477300643921
1.983417272567749
2.2000391483306885
2.143601894378662
2.156418800354004
2.060729503631592
2.0586130619049072
2.2214808464050293
2.142007350921631
2.0873451232910156
2.0180704593658447
2.0229287147521973
1.9742860794067383
2.1092123985290527
2.103555202484131
2.0005674362182617
1.977513074874878
1.821008563041687
2.1846213340759277
2.028414011001587
2.0044233798980713
1.9825949668884277
1.8918278217315674
2.152643918991089
1.983496904373169
1.9659018516540527
2.0351505279541016
1.909801721572876
2.0429654121398926
1.8462592363357544
2.00643253326416
2.0851542949676514
1.9816851615905762
2.018235445022583
1.951520323753357
2.10807728767395
1.8946186304092407
2.0019876956939697
2.084843158721924
1.9522061347961426
1.9647247791290283
1.8220294713974
2.0316901206970215
1.8816484212875366
2.0327041149139404
1.9984667301177979
1.8899030685424805
2.072021722793579
2.003265619277954
1.9781007766723633
1.885428786277771
1.8477461338043213
1.9173208475112915
1.8563097715377808
1.873231291770935
1.8109885454177856
1.915238618850708
1.8279800415039062
1.8601610660552979
1.8221105337142944
1.877468228340149
1.8131847381591797
1.7558060884475708
1.8213542699813843
1.8755289316177368
1.8934820890426636
1.8926846981048584
1.8418139219284058
1.9234976768493652
1.8906818628311157
1.7005383968353271
1.7857398986816406
1.9254850149154663
1.7701877355575562
1.951408863067627
1.7813529968261719
1.954351782798767
1.8873317241668701
1.800349473953247
1.7967185974121094
1.8809864521026611
1.8669840097427368
1.7624069452285767
1.7647117376327515
1.8546091318130493
1.6314407587051392
1.7993379831314087
1.7421387434005737
1.7511266469955444
1.8659011125564575
1.6918175220489502
1.7775331735610962
1.7475932836532593
1.9537436962127686
1.7350395917892456
1.6970854997634888
1.8146014213562012
1.7293881177902222
1.8616023063659668
1.6861168146133423
1.6307363510131836
1.5933507680892944
1.678888201713562
1.721239447593689
1.725669026374817
1.709894061088562
1.7226070165634155
1.6443942785263062
1.6256450414657593
1.5539706945419312
1.7099014520645142
1.614769697189331
1.6815781593322754
1.6541059017181396
1.7534745931625366
1.7280453443527222
1.7076562643051147
1.6560580730438232
1.744643211364746
1.7031902074813843
1.5609776973724365
1.610908031463623
1.755843162536621
1.7494640350341797
1.536318302154541
1.809086561203003
1.5944350957870483
1.7374250888824463
1.5034784078598022
1.6048847436904907
1.6139215230941772
1.7012312412261963
1.5516955852508545
1.6115323305130005
1.5773117542266846
1.5806033611297607
1.476351022720337
1.535720705986023
1.615593671798706
1.57786226272583
1.6339629888534546
1.536224126815796
1.6630668640136719
1.5400139093399048
1.3771833181381226
1.5600099563598633
1.7128890752792358
1.6774054765701294
1.6448591947555542
1.570435881614685
1.4718812704086304
1.5094746351242065
1.4717068672180176
1.5030030012130737
1.5467619895935059
1.5347646474838257
1.5312715768814087
1.545192837715149
1.5670689344406128
1.683057427406311
1.607011318206787
1.5335944890975952
1.5188961029052734
1.5505784749984741
1.472152829170227
1.3983160257339478
1.436875343322754
1.517567753791809
1.4772300720214844
1.6067426204681396
1.3492966890335083
1.4430028200149536
1.410440444946289
1.4936305284500122
1.5578097105026245
1.4562026262283325
1.5546042919158936
1.5320284366607666
1.5885595083236694
1.4820886850357056
1.491038203239441
1.4652141332626343
1.51516592502594
1.3823240995407104
1.5689650774002075
1.4364728927612305
1.5040549039840698
1.4015326499938965
1.4234144687652588
1.345300555229187
1.4992817640304565
1.4513477087020874
1.3016408681869507
1.3594120740890503
1.5099884271621704
1.379531979560852
1.4799128770828247
1.3920469284057617
1.3127646446228027
1.434594988822937
1.3897184133529663
1.2431976795196533
1.338150978088379
1.3441674709320068
1.431221604347229
1.4414879083633423
1.4431049823760986
1.4028512239456177
1.4164104461669922
1.3100639581680298
1.3735193014144897
1.3526350259780884
1.340797781944275
1.2925291061401367
1.4198957681655884
1.3217414617538452
1.333600640296936
1.3196241855621338
1.3565584421157837
1.37040376663208
1.3852005004882812
1.2857552766799927
1.3163421154022217
1.3875893354415894
1.4417716264724731
1.3670653104782104
1.445107340812683
1.417288064956665
1.3558847904205322
1.1863926649093628
1.3786289691925049
1.3696919679641724
1.297463059425354
1.2417482137680054
1.5112323760986328
1.2070229053497314
1.3538132905960083
1.330978512763977
1.1012552976608276
1.3355772495269775
1.2959424257278442
1.2507637739181519
1.2249631881713867
1.285179853439331
1.2816860675811768
1.252877950668335
1.1625624895095825
1.220557451248169
1.2841112613677979
1.306824803352356
1.3050040006637573
1.2547179460525513
1.1527115106582642
1.1644201278686523
1.2472130060195923
1.2913873195648193
1.2131699323654175
1.2785667181015015
1.290067434310913
1.2992327213287354
1.3004837036132812
1.1723711490631104
1.224697232246399
1.256671667098999
1.2152873277664185
1.4043219089508057
1.2082726955413818
1.3033047914505005
1.1242871284484863
1.1990143060684204
1.2309015989303589
1.2781537771224976
1.2616392374038696
1.2693867683410645
1.2070045471191406
1.2040445804595947
1.1583272218704224
1.2466148138046265
1.1544171571731567
1.2156009674072266
1.1100552082061768
1.1678252220153809
1.140742540359497
1.1544609069824219
1.086550235748291
1.2079023122787476
1.1759192943572998
1.2115880250930786
1.1064567565917969
1.2189549207687378
1.1187865734100342
1.1629685163497925
1.1603600978851318
1.1541367769241333
1.1491382122039795
1.1680411100387573
1.132840633392334
1.1981103420257568
1.2746909856796265
1.086471438407898
1.1148908138275146
1.1207770109176636
1.2882245779037476
1.1641732454299927
1.055601954460144
1.0749690532684326
1.1106083393096924
1.1018781661987305
1.2268317937850952
1.136001467704773
1.0387135744094849
1.1460789442062378
1.1921762228012085
1.1444088220596313
1.0990909337997437
1.1078237295150757
1.118863821029663
1.0927553176879883
1.1078118085861206
1.0633381605148315
1.1273943185806274
1.1974905729293823
1.0458929538726807
1.0794751644134521
1.1410293579101562
1.0673613548278809