7.31302318572998
6.854907703399658
6.125039863586426
5.69789752960205
5.592251968383789
5.476917839050293
5.459465408325196
5.513584136962891
5.49268798828125
5.4004823684692385
5.381498908996582
5.38266773223877
5.365487766265869
5.322278022766113
5.296888732910157
5.316730785369873
5.160033416748047
5.170056533813477
5.105401134490966
5.018923091888428
5.055092430114746
4.942381954193115
5.0293378829956055
4.933668994903565
4.942397117614746
4.850110149383545
4.909346580505371
4.72273359298706
4.738184928894043
4.708162593841553
4.650713539123535
4.679261112213135
4.4734210014343265
4.6134419441223145
4.57003345489502
4.5532482147216795
4.397740745544434
4.293406963348389
4.291071605682373
4.384114837646484
4.341325187683106
4.2251770973205565
4.240868186950683
4.105848884582519
4.103793382644653
4.13150987625122
4.09234504699707
4.064655208587647
4.023049354553223
3.9413036346435546
3.889210748672485
3.8887869834899904
3.854913520812988
3.941389322280884
3.8459700107574464
3.797123670578003
3.716276025772095
3.5758710384368895
3.5994290351867675
3.655156707763672
3.4761592388153075
3.517291784286499
3.4926034450531005
3.4541038036346436
3.511585903167725
3.4448660373687745
3.449702596664429
3.3935025215148924
3.238461637496948
3.2727190017700196
3.2425224781036377
3.2174359798431396
3.145271587371826
3.258056163787842
3.1666149139404296
3.0769030094146728
3.161647081375122
3.0566482067108156
3.0026009559631346
2.9632850170135496
2.898181915283203
2.9254432678222657
2.9339126110076905
2.870416450500488
2.7612493515014647
2.837804079055786
2.7007142543792724
2.8147119522094726
2.7453876972198485
2.7336790561676025
2.6788008213043213
2.631014347076416
2.6126102447509765
2.5502624988555906
2.5473278999328612
2.5389053344726564
2.4849802017211915
2.442085075378418
2.552103137969971
2.4771666049957277
2.4712002277374268
2.4163184642791746
2.3915052890777586
2.2775532722473146
2.255123424530029
2.319016695022583
2.2319573402404784
2.301121234893799
2.1777707815170286
2.135953187942505
2.287178134918213
2.0811012744903565
2.101452898979187
2.019668769836426
2.0878150939941404
2.054041600227356
2.046567177772522
2.04986629486084
2.0022155046463013
2.0607479572296143
1.9004239320755005
1.892525601387024
1.9236805200576783
1.9136415243148803
1.8224785327911377
1.9333359956741334
1.907555389404297
1.842461919784546
1.8112671613693236
1.7941011667251587
1.7658806562423706
1.680528497695923
1.6257593154907226
1.6112070322036742
1.6754568576812745
1.6606319904327393
1.7174412488937378
1.5994280338287354
1.6569018125534059
1.6224418878555298
1.6050673723220825
1.5042936086654664
1.4476567029953002
1.5468876123428346
1.508178162574768
1.4558409452438354
1.4231729745864867
1.4205943107604981
1.4143300294876098
1.3794065475463868
1.4011018037796021
1.3790745496749879
1.3610163927078247
1.3704578161239624
1.3516350030899047
1.3738845109939575
1.28224515914917
1.3361767530441284
1.227504563331604
1.2349783897399902
1.2826020002365113
1.2105910539627076
1.219312596321106
1.2030088663101197
1.1806488275527953
1.1367019772529603
1.1782330989837646
1.1551059246063233
1.0890112161636352
1.121586060523987
1.088617491722107
1.107527995109558
1.0113850116729737
1.0314200878143311
1.0842276811599731
1.0935657501220704
1.1124798893928527
1.027600061893463
0.9253408670425415
1.0554626345634461
0.9961028933525086
0.9093848466873169
0.930521035194397
0.9468883633613586
0.9870213508605957
1.0171232104301453
0.9039445161819458
0.9674861311912537
0.89139803647995
0.8776062488555908
0.8678978204727172
0.9016212940216064
0.8609013080596923
0.8504035949707032
0.9025191187858581
0.8483110427856445
0.8434621691703796
0.8776020765304565
0.8568130135536194
0.7440045475959778