4.095422315597534
3.8779083251953126
3.4291454315185548
3.1765564918518066
3.0598129272460937
3.174568605422974
3.0286542415618896
2.9992237091064453
3.149549150466919
3.0135179996490478
2.985859489440918
3.045389461517334
2.9682389736175536
2.9590319633483886
2.89202995300293
2.850686502456665
2.8098485469818115
2.8576294422149657
2.9446764945983888
2.7058658599853516
2.658579158782959
2.729653310775757
2.5949785232543947
2.687517261505127
2.569449949264526
2.5984894275665282
2.488654136657715
2.3826494216918945
2.39293532371521
2.448705053329468
2.366932010650635
2.263917922973633
2.316769504547119
2.233496379852295
2.166344499588013
2.1116047382354735
2.1255582332611085
2.0126402616500854
2.015337014198303
1.9763774156570435
2.015146350860596
1.9589770078659057
1.9588887691497803
1.7634468078613281
1.7985643863677978
1.7599836349487306
1.694751262664795
1.7895121335983277
1.6258604049682617
1.5887269020080566
1.6095347166061402
1.6056495428085327
1.5566638469696046
1.5388635396957397
1.3978935718536376
1.4298573970794677
1.4117504119873048
1.4201979637145996
1.3914790630340577
1.3501951694488525
1.2630781173706054
1.2657316684722901
1.2412320137023927
1.140598464012146
1.2036642551422119
1.151272988319397
1.1219907999038696
1.0814781665802002
1.0318078994750977
1.0488301515579224
1.022265112400055
1.023636019229889
1.0061023116111756
0.9146263837814331
0.9012198805809021
0.87156001329422
0.8721864819526672
0.8800928711891174
0.8448323965072632
0.8351320028305054
0.8203620314598083
0.7662634372711181
0.7407469511032104
0.7524273514747619
0.7646197199821472
0.7003730773925781
0.7212999701499939
0.6892302632331848
0.6540917754173279
0.6609278321266174
0.6526162505149842
0.6498053431510925
0.5655172407627106
0.5505726039409637
0.5360688745975495
0.5708513617515564
0.5703184604644775
0.5316117346286774
0.49195230603218076
0.5029265820980072
0.49994940161705015
0.4658389091491699
0.48261956572532655
0.4379902184009552
0.4275654196739197
0.4254832684993744
0.4106172204017639
0.3878922939300537
0.3780031442642212
0.3666589856147766
0.37662492990493773
0.3898071825504303
0.37107630372047423
0.3480860531330109
0.3719685196876526
0.30685588121414187
0.34489740133285524
0.30975774526596067
0.3153861999511719
0.31950377225875853
0.2951200008392334
0.2984730422496796
0.2589134037494659
0.2676668643951416
0.26264916360378265
0.2320873409509659
0.2359677106142044
0.23904810547828675
0.2599703401327133
0.21133506596088408
0.2216404378414154
0.2247749388217926
0.21603378057479858
0.20120887458324432
0.20034977197647094
0.17779259979724885
0.20978051722049712
0.17686765789985656
0.17389434576034546
0.17609386444091796
0.17699812352657318
0.18499309420585633
0.15573817789554595
0.16965529024600984
0.15600257217884064
0.1663070872426033
0.14159982800483703
0.14393204748630523
0.1337005615234375
0.13030364066362382
0.14360606968402861
0.12893591523170472
0.13002774864435196
0.14369158893823625
0.13069785237312317
0.112010657787323
0.11892774403095245
0.11606706231832505
0.12031053304672241
0.12113725692033768
0.11288730949163436
0.1177232027053833
0.10914968997240067
0.10289677530527115
0.10081197768449783
0.09226466566324235
0.09783024340867996
0.09867427349090577
0.09791581928730012
0.09512688964605331
0.0837190106511116
0.08481113314628601
0.08696509003639222
0.0754516676068306
0.08251412659883499
0.07374955862760543
0.07649389952421189
0.0720725804567337
0.07475826144218445
0.07557565718889236
0.07287488132715225
0.07126450315117835
0.06612305790185928
0.07011977881193161
0.07198910117149353
0.06361542418599128
0.05961430892348289
0.06646335944533348
0.06300225853919983
0.05951754376292229
0.06161787882447243
0.05925607159733772
0.05766251087188721
0.05316908955574036
0.052561895549297334
0.05764730870723724
0.0522919736802578
0.05010821372270584
0.04900570288300514
0.05412217229604721