7.201866626739502
6.806375026702881
6.313887119293213
5.795618057250977
5.375315189361572
5.101288795471191
4.9503350257873535
4.850523471832275
4.812612533569336
4.664566993713379
4.720744609832764
4.786411285400391
4.624590873718262
4.628258228302002
4.612547874450684
4.516180515289307
4.560664653778076
4.463745594024658
4.381354808807373
4.377341270446777
4.442266941070557
4.354791164398193
4.316306114196777
4.335850238800049
4.206111907958984
4.328446388244629
4.2341437339782715
4.146051406860352
4.11465311050415
4.206360816955566
4.079935073852539
4.249937534332275
4.0884222984313965
4.035171985626221
3.8078243732452393
3.8919293880462646
4.080547332763672
3.8524792194366455
3.968518018722534
3.866387367248535
3.877739667892456
3.8479297161102295
3.740980386734009
3.8394017219543457
3.7505128383636475
3.798811435699463
3.704366445541382
3.612025737762451
3.573920726776123
3.4280805587768555
3.51314115524292
3.5290379524230957
3.7090864181518555
3.5338308811187744
3.297410488128662
3.6324450969696045
3.386411428451538
3.427875280380249
3.5255417823791504
3.403860569000244
3.453801393508911
3.5470452308654785
3.24428653717041
3.4027955532073975
3.3960890769958496
3.1354143619537354
3.3415780067443848
3.289893627166748
3.3418571949005127
3.2269511222839355
3.1952922344207764
3.325937032699585
3.2191548347473145
3.0642614364624023
3.293414354324341
3.100693941116333
3.279508590698242
3.0787601470947266
3.0923142433166504
3.1209890842437744
2.9630675315856934
3.0964953899383545
3.0789475440979004
2.9465692043304443
3.053518772125244
2.907071828842163
3.0543086528778076
2.86441707611084
2.908442258834839
2.9641408920288086
2.967440128326416
2.8563482761383057
2.773951292037964
2.9340710639953613
2.7757408618927
2.8807575702667236
2.8782145977020264
2.8734641075134277
2.8394992351531982
2.966917037963867
3.045814275741577
2.75457501411438
2.668226718902588
2.7365224361419678
2.6728599071502686
2.5687613487243652
2.599470615386963
2.596518039703369
2.5758800506591797
2.6232855319976807
2.509125232696533
2.3768081665039062
2.364407777786255
2.429202079772949
2.6143226623535156
2.4681949615478516
2.319399356842041
2.4931700229644775
2.3867127895355225
2.5239977836608887
2.317365884780884
2.4958345890045166
2.317659854888916
2.2926077842712402
2.3566527366638184
2.3324968814849854
2.3642489910125732
2.4165585041046143
2.3121020793914795
2.223219394683838
2.2699005603790283
2.2012977600097656
2.3537871837615967
2.142583131790161
2.335402488708496
2.276984691619873
2.208037853240967
2.013749837875366
2.1477811336517334
2.2574446201324463
1.9060978889465332
2.1155266761779785
2.034924030303955
2.0644571781158447
2.1815578937530518
2.246537446975708
1.9277307987213135
2.121469259262085
2.0904593467712402
1.8786497116088867
1.7037442922592163
1.8808948993682861
1.8527973890304565
1.9469363689422607
1.9767967462539673
1.7902129888534546
1.8876910209655762
1.77178955078125
2.079810380935669
1.9419033527374268
2.0615274906158447
1.8375540971755981
1.784409523010254
1.8776259422302246
1.7704124450683594
1.7407587766647339
1.811967372894287
1.6586658954620361
1.8038153648376465
1.7292311191558838
1.7633192539215088
1.755218744277954
1.7485103607177734
1.8075368404388428
1.7632852792739868
1.802105188369751
1.9091901779174805
1.6255532503128052
1.6028987169265747
1.740531325340271
1.6810157299041748
1.765146255493164
1.6867510080337524
1.6372140645980835
1.6557655334472656
1.4700734615325928
1.5350892543792725
1.5658310651779175
1.6177539825439453
1.6784820556640625
1.7108999490737915
1.5855107307434082
1.5907984972000122
1.5997995138168335
1.629158616065979
1.4401140213012695
1.4258573055267334
1.5063594579696655
1.4073243141174316
1.56178617477417
1.5303287506103516
1.489700436592102
1.5756558179855347
1.611932635307312
1.5657252073287964
1.4957109689712524
1.528801679611206
1.5212132930755615
1.413464903831482
1.4429124593734741
1.571642518043518
1.3936734199523926
1.3526581525802612
1.2649203538894653
1.4782439470291138
1.3241101503372192
1.2986507415771484
1.3379240036010742
1.2988885641098022
1.3319036960601807
1.4364104270935059
1.324141263961792
1.422337293624878
1.1686947345733643
1.2248774766921997
1.317866325378418
1.2068191766738892
1.2301385402679443
1.2548431158065796
1.3082524538040161
1.318824291229248
1.325127124786377
1.2412272691726685
1.3103985786437988
1.1821165084838867
1.2025198936462402
1.2810132503509521
1.221990704536438
1.1857119798660278
1.3060400485992432
1.1468703746795654
1.1902507543563843
1.221376657485962
1.1923444271087646
1.188650369644165
1.3192676305770874
1.1946288347244263
1.3180270195007324
1.1554194688796997
1.2732149362564087
1.024154782295227
1.1765387058258057
1.2125188112258911
1.0679718255996704
1.0485488176345825
1.1386263370513916
1.0371954441070557
1.1856595277786255
1.0294455289840698
1.0500625371932983
1.0457316637039185
1.1715967655181885
1.1650986671447754
1.0553432703018188
1.0572515726089478
1.0658819675445557
1.078527808189392
0.9943692684173584
0.975239098072052
1.083061695098877
0.967460036277771
1.1140694618225098
1.0423707962036133
0.9500098824501038
0.9833455681800842
1.025143027305603
0.9355949759483337
1.0979599952697754
0.937397301197052
0.9970157146453857
1.0133693218231201
1.0383272171020508
0.9446038603782654
1.1270843744277954
0.964547872543335
1.034928798675537
0.9766093492507935
0.9752395153045654
0.9114704132080078
1.0773770809173584
0.7908143997192383
0.9519605040550232
0.91370689868927
0.9206879138946533
0.944186270236969
0.9541807174682617
0.9454467296600342
0.8948825597763062
0.9396705627441406
0.9420469403266907
0.9570485353469849
0.9849416613578796
0.8386728763580322
0.8503006100654602
0.9257552027702332
0.9041253924369812
0.9031882286071777
0.8552934527397156
0.8637056946754456
0.9122697114944458
1.0628002882003784
0.8609858751296997
0.84324049949646
0.9294350743293762
0.8820971250534058
0.9332561492919922
0.8394283652305603
0.8250097036361694
0.8408733606338501
0.9044235944747925
0.8294891119003296
0.8073375821113586
0.8764917850494385
0.833677351474762
0.8813836574554443
0.8634680509567261
0.9014955163002014
0.8686072826385498
0.7847121357917786
0.8520402312278748
0.8418092131614685
0.8832327127456665
0.7745779156684875
0.8226444125175476
0.8539899587631226
0.8778609037399292
0.7967268228530884
0.8603102564811707
0.8159317374229431
0.8192209005355835
0.8029187917709351
0.7906547784805298
0.9265227317810059
0.752597987651825
0.7763217091560364
0.7855027914047241
0.8106277585029602
0.90187668800354
0.8227039575576782
0.804172933101654
0.7163364291191101
0.8151218891143799
0.9045229554176331
0.7546200752258301
0.8589164614677429
0.7506336569786072
0.7282489538192749
0.8007135391235352
0.8060219287872314
0.732092559337616
0.7328730821609497
0.7552021145820618
0.8008710741996765
0.7499009966850281
0.860724687576294
0.7282527685165405
0.722546398639679
0.8147888779640198
0.7923449277877808
0.7214147448539734
0.7462568879127502
0.7645482420921326
0.7261186242103577
0.7597748637199402
0.7599881887435913
0.6650912761688232
0.7593207359313965
0.761734127998352
0.6830151677131653
0.7152263522148132
0.6955180764198303
0.7604461908340454
0.7121039628982544
0.6888236999511719
0.6935209035873413
0.7008982300758362
0.7018932700157166
0.6993798017501831
0.6732397079467773
0.8076702356338501
0.758585512638092
0.7184525728225708
0.7394052743911743
0.6987311840057373
0.6884254217147827
0.6550186276435852
0.7226487398147583
0.77362459897995
0.6996280550956726
0.7526788115501404
0.6897909045219421
0.6226703524589539
0.6851679682731628
0.6784389019012451
0.7085489630699158
0.6591293811798096
0.6514660716056824
0.7420194149017334
0.7683237195014954
0.6673378944396973
0.775378942489624
0.6787220239639282
0.6400116086006165
0.7170508503913879
0.7331206798553467
0.6760568618774414
0.7263305187225342
0.6207454800605774
0.6602519750595093
0.6624645590782166
0.6863729953765869
0.6957303285598755
0.6382517218589783
0.6663349866867065
0.6457065939903259
0.6512454152107239
0.6320340633392334
0.6125440001487732
0.6604882478713989
0.6381646990776062
0.651872992515564
0.6508652567863464
0.6528363823890686
0.6371772289276123
0.5767471790313721
0.6636722683906555
0.6633620262145996
0.6168649196624756
0.6340773701667786
0.646716296672821
0.6170981526374817
0.6762773990631104
0.6297081112861633
0.6372137069702148
0.6812021136283875
0.6981916427612305
0.5604166984558105
0.6264660954475403
0.6684868931770325
0.6490753293037415
0.6089532375335693
0.6405153870582581
0.6803563237190247
0.6403517127037048
0.6657765507698059
0.6424266695976257
0.6376474499702454
0.6617099046707153
0.6383485198020935
0.6777793169021606
0.5822461247444153
0.6208177208900452
0.6206568479537964
0.5714386701583862
0.6239557862281799
0.5983412265777588
0.6114610433578491
0.6796974539756775
0.646142303943634
0.6311869621276855
0.6112759709358215
0.6164705753326416
0.550457775592804
0.5588186383247375
0.6337611079216003
0.63019859790802
0.6393099427223206
0.6500129699707031
0.5758959650993347
0.5981119275093079
0.6100527048110962
0.6390246748924255
0.6253448128700256
0.6524855494499207
0.5589587092399597
0.6344863772392273
0.6056431531906128
0.571247398853302
0.6430747509002686
0.5934135913848877
0.5989211201667786
0.602706253528595
0.5979551672935486
0.6457123756408691
0.599212646484375
0.600753128528595
0.573867917060852
0.5045436024665833
0.5865822434425354
0.6311482787132263
0.6117284297943115
0.5765355825424194
0.6084738969802856
0.6430510878562927
0.5972848534584045
0.61980801820755
0.532200276851654
0.5610330700874329
0.5888668298721313
0.6036407351493835
0.6445834636688232
0.5907063484191895
0.531914234161377
0.5674886703491211
0.6320288181304932
0.5543957948684692
0.6254315972328186
0.5989614129066467
0.5834612250328064
0.5595600008964539
0.5214440822601318
0.5997356176376343
0.5854461193084717
0.5555631518363953
0.5935575366020203
0.5826201438903809
0.5968087315559387
0.5894132256507874
0.5709747076034546
0.5914855599403381
0.6183520555496216
0.6013340353965759
0.5793347358703613
0.4990890920162201
0.5431088805198669
0.6210436224937439
0.548809826374054
0.5602506399154663
0.549963653087616
0.5700092315673828
0.5225657820701599
0.5716583132743835
0.5947069525718689
0.6328945755958557
0.5650708079338074
0.5271328091621399
0.5497157573699951
0.6027264595031738
0.60195392370224
0.5671761631965637
0.5547926425933838
0.5593879222869873
0.5863667130470276
0.6050281524658203
0.6031606197357178
0.5278035998344421
0.5501173138618469
0.5928264260292053
0.5661399364471436
0.5809558629989624
0.5726214051246643
0.5766860246658325
0.5630138516426086
0.5107071995735168
0.5928675532341003
0.5068960785865784
0.5713193416595459
0.5411197543144226
0.5910472273826599
0.5368836522102356
0.5384976863861084
0.5439327359199524
0.5792179107666016
0.5530608892440796
0.5346192717552185
0.5738793611526489
0.5162728428840637
0.5055130124092102
0.5576360821723938
0.5185695886611938
0.5542210936546326
0.5365557670593262
0.5862254500389099
0.5022273659706116
0.5557516813278198
0.523557186126709
0.5200673937797546
0.553385317325592
0.5466554164886475
0.47430548071861267
0.5757824778556824
0.5223018527030945
0.5052918195724487
0.5123324394226074
0.5676702857017517
0.5119737982749939
0.551588773727417
0.5794684290885925
0.515048623085022
0.5101141929626465
0.5391247272491455
0.501882791519165
0.5513176321983337
0.5445173382759094
0.5194893479347229
0.507021427154541
0.5010890364646912
0.5245919227600098
0.5096063017845154
0.5022098422050476
0.4984923005104065
0.5398244857788086
0.4733431339263916
0.588154673576355
0.5255272388458252
0.5181663632392883
0.5219824910163879
0.5622437596321106
0.5187205672264099
0.5270990133285522
0.5429490208625793
0.5003519654273987
0.5459346175193787
0.48702454566955566
0.4954250156879425
0.5392507314682007
0.5296207666397095
0.49346059560775757
0.5316641926765442
0.4730454981327057
0.5285908579826355
0.5092029571533203
0.5241053700447083
0.5022336840629578
0.5518618822097778
0.4832098186016083
0.4743661880493164
0.4545057713985443
0.5208085775375366
0.4654795527458191
0.5177134871482849
0.4818612337112427
0.4818960428237915
0.533376157283783
0.5184324383735657
0.5689297318458557
0.5773743391036987
0.515317440032959
0.535635769367218
0.4676050543785095
0.500053882598877
0.4965035617351532
0.5107387900352478
0.539467990398407
0.5404779314994812
0.51457279920578
0.47541502118110657
0.5045128464698792
0.5170559287071228
0.47285664081573486
0.5079537034034729
0.43992525339126587
0.5356388092041016
0.48871684074401855
0.5428969264030457
0.5228744745254517
0.49161434173583984
0.45521655678749084
0.48115646839141846
0.4795655906200409
0.5041528344154358
0.49007508158683777
0.47434526681900024
0.5183348059654236
0.45694267749786377
0.49448901414871216
0.50003981590271
0.5067501664161682
0.5333707332611084
0.4890310764312744
0.4435322880744934
0.4751558005809784
0.48476240038871765
0.4989995062351227
0.485725998878479
0.5013765096664429
0.4844790995121002
0.47587114572525024
0.51009202003479
0.5532658100128174
0.4981520473957062
0.5173773765563965
0.46880966424942017
0.47582167387008667
0.4575599730014801
0.5082039833068848
0.5111714005470276
0.48158758878707886
0.5073574781417847
0.5092107057571411
0.49577659368515015
0.5170186758041382
0.4892159402370453
0.46595895290374756
0.48128584027290344
0.5250470042228699
0.44813933968544006
0.4715677499771118
0.48253169655799866
0.5147184133529663
0.49521395564079285
0.5036091208457947
0.5051494836807251
0.48092520236968994
0.4579039216041565
0.5074673891067505
0.47223541140556335
0.5080792307853699
0.4731387197971344
0.504420816898346
0.5255484580993652
0.5353740453720093
0.5262972712516785
0.4602179229259491
0.5051782131195068
0.44149062037467957
0.43424418568611145
0.4783802032470703
0.44207656383514404
0.4563717246055603
0.47915807366371155
0.485558420419693
0.4454037547111511
0.47081512212753296
0.47876426577568054
0.5122827887535095
0.4620040953159332
0.4388014078140259
0.47216734290122986
0.48658856749534607
0.4873257875442505
0.544799268245697
0.4665836691856384
0.45827239751815796
0.4728197455406189
0.47718656063079834
0.45454922318458557
0.5207104682922363
0.5018110871315002
0.458791583776474
0.4604882299900055
0.5039156675338745
0.4462648034095764
0.4780977666378021
0.45926541090011597
0.4480641484260559
0.4653622508049011
0.46897438168525696
0.4628071188926697
0.4851417541503906
0.45687398314476013
0.44224032759666443
0.5513827204704285
0.4575134813785553
0.46414586901664734
0.47928112745285034
0.4623982906341553
0.4613880515098572
0.42207783460617065
0.45131030678749084
0.446863055229187
0.46356040239334106
0.4829147160053253
0.46356216073036194
0.5001423358917236
0.4533855617046356
0.45855414867401123
0.4466336965560913
0.45140257477760315
0.4835023880004883
0.47037017345428467
0.4662761986255646
0.45122212171554565
0.4637880027294159
0.47992217540740967
0.47571510076522827
0.4540233016014099
0.4782714247703552
0.44727614521980286
0.4870632588863373
0.43043822050094604
0.4958139657974243
0.4486408829689026
0.4571855962276459
0.44338807463645935
0.4648037552833557
0.46104443073272705
0.4892534911632538
0.4912850856781006
0.43297848105430603
0.5060248970985413
0.48529598116874695
0.46668046712875366
0.4747777283191681
0.4660652279853821
0.46618661284446716
0.465242475271225
0.4981934726238251
0.45693713426589966
0.4581795930862427
0.4396674335002899
0.4815655052661896
0.4839489161968231
0.4524594843387604
0.4774813652038574
0.4438125491142273
0.4222623407840729
0.47876399755477905
0.4255640506744385
0.4251568019390106
0.4233713150024414
0.39136138558387756
0.41714516282081604
0.4581025540828705
0.4827365279197693
0.4897601008415222
0.4411127269268036
0.45096924901008606
0.39809128642082214
0.4589332938194275
0.44599834084510803
0.4225233197212219
0.41871389746665955
0.46987321972846985
0.41016659140586853
0.4710453748703003
0.46785831451416016
0.44672366976737976
0.43106943368911743
0.42525714635849
0.40259286761283875
0.4396854043006897
0.49280041456222534
0.46507224440574646
0.48425889015197754
0.4381553530693054
0.4417172968387604
0.44022423028945923
0.44867613911628723
0.4748155176639557
0.4986371397972107
0.4495301842689514
0.4731399416923523
0.3816972076892853
0.43071314692497253
0.47935524582862854
0.44054678082466125
0.45672401785850525
0.47345292568206787
0.4445744752883911
0.45805951952934265
0.432481586933136
0.4095258116722107
0.46390965580940247
0.44293004274368286
0.44727444648742676
0.4251474440097809
0.4713118374347687
0.45369771122932434
0.40728431940078735
0.45892149209976196
0.43312540650367737
0.44597893953323364
0.4165160357952118
0.4578936994075775
0.4253319501876831
0.43495088815689087
0.4360380172729492
0.4019603729248047
0.43674546480178833
0.40811866521835327
0.4469016194343567
0.4257212281227112
0.45570704340934753
0.4783647358417511
0.39772433042526245
0.42077869176864624
0.47974735498428345
0.4338054955005646
0.43010658025741577
0.42698729038238525
0.44147470593452454
0.4617595374584198
0.40285828709602356
0.4410530626773834
0.44800472259521484
0.449868768453598
0.42596960067749023
0.42304304242134094
0.3994430601596832
0.4250529408454895
0.43282070755958557
0.4024856686592102
0.40686288475990295
0.4454940855503082
0.4180475175380707
0.43913042545318604
0.4356226921081543
0.4150480628013611
0.4434352517127991
0.4392610490322113
0.4316878914833069
0.4170101284980774
0.4453160762786865
0.4069584012031555
0.4623487591743469
0.42271655797958374
0.44371497631073
0.44167304039001465
0.44346123933792114
0.43953126668930054
0.3685015141963959
0.4398401379585266
0.45773816108703613
0.43885770440101624
0.4490755796432495
0.4331527054309845
0.4247124195098877
0.44017431139945984
0.4609711766242981
0.37709054350852966
0.4225713312625885
0.4453083872795105
0.40398919582366943
0.43414202332496643
0.452326238155365
0.43683773279190063
0.44392669200897217
0.40398845076560974
0.4069228172302246
0.4180786609649658
0.40384384989738464
0.4169200360774994
0.41679760813713074
0.4119362533092499
0.43402302265167236
0.41706615686416626
0.37657782435417175
0.41392019391059875
0.46080029010772705
0.40886420011520386
0.4190111756324768
0.38729000091552734
0.4625633656978607
0.40133726596832275
0.38841044902801514
0.4595797061920166
0.40323516726493835
0.38130509853363037
0.4381144344806671
0.41467055678367615
0.39311137795448303
0.3994196057319641
0.45422905683517456
0.39618149399757385
0.42518243193626404
0.43011900782585144
0.41279953718185425
0.4038415849208832
0.43070441484451294
0.45065930485725403
0.41375526785850525
0.3842521607875824
0.42001768946647644
0.4191242456436157
0.4466814696788788
0.39581844210624695
0.44359132647514343
0.38284754753112793
0.40136465430259705
0.43063148856163025
0.4183037579059601
0.42154720425605774
0.4485836327075958
0.39589616656303406
0.3834570646286011
0.40438514947891235
0.3936282694339752
0.4515940546989441
0.41972655057907104
0.4441201686859131
0.40435636043548584
0.3840678930282593
0.4435442090034485
0.3946036100387573
0.42594027519226074
0.41472870111465454
0.4666455090045929
0.41739481687545776
0.38173654675483704
0.39096102118492126
0.4240628480911255
0.41021475195884705
0.39405375719070435
0.4491416811943054
0.4049072265625
0.38204723596572876
0.4536551833152771
0.3961849808692932
0.37509405612945557
0.3749432861804962
0.3555285334587097
0.3697175085544586
0.37202826142311096
0.420935720205307
0.38159772753715515
0.44639718532562256
0.38755953311920166
0.3673022389411926
0.43817374110221863
0.39333078265190125
0.40512171387672424
0.39344826340675354
0.39898085594177246
0.40989869832992554
0.3909446895122528
0.3960915803909302
0.39166024327278137
0.43474897742271423
0.408308207988739
0.41782063245773315
0.3845895528793335
0.3397658169269562
0.3976750373840332
0.4288374185562134
0.4004093110561371
0.43063661456108093
0.42045554518699646
0.4176185727119446
0.37508341670036316
0.400434285402298
0.38028451800346375
0.41006579995155334
0.43656450510025024
0.39813369512557983
0.37664541602134705
0.44986024498939514
0.37263184785842896
0.39055079221725464
0.38599950075149536
0.39457225799560547
0.344600111246109
0.3958345651626587
0.38019126653671265
0.4089716076850891
0.3884296715259552
0.40317606925964355
0.40584439039230347
0.4444081783294678
0.393813818693161
0.4051695764064789
0.4061770439147949
0.408972829580307
0.41086339950561523
0.3708636462688446
0.4247060716152191
0.41135257482528687
0.3720696270465851
0.43620914220809937
0.3979349136352539
0.40546268224716187
0.3616427481174469
0.40852007269859314
0.3851049244403839
0.351420521736145
0.40195387601852417
0.37839365005493164
0.4030797779560089
0.38286295533180237
0.3889864385128021
0.421299010515213
0.39651110768318176
0.363058865070343
0.3755573332309723
0.3647290766239166
0.3801042139530182
0.39855247735977173
0.3561003804206848
0.38236814737319946
0.3954450488090515
0.38023945689201355
0.38267016410827637
0.37459102272987366
0.41643452644348145
0.44322505593299866
0.4137486517429352
0.37769630551338196
0.37334761023521423
0.39088237285614014
0.41365525126457214
0.43515896797180176
0.37399929761886597
0.42728498578071594
0.3616824746131897
0.34791406989097595
0.33576419949531555
0.3346032202243805
0.40621718764305115
0.38875970244407654
0.38055750727653503
0.39002954959869385
0.3769720196723938
0.38223621249198914
0.40995651483535767
0.4225101172924042
0.39965853095054626
0.43138208985328674
0.41388022899627686
0.3834637999534607
0.40173375606536865
0.38724666833877563
0.38802459836006165
0.34560614824295044
0.39703673124313354
0.3609583079814911
0.38950324058532715
0.3893234133720398
0.34716489911079407
0.41077524423599243
0.3840498924255371
0.4047205448150635
0.3979892432689667
0.39288330078125
0.3970319926738739
0.40933656692504883
0.3872133791446686
0.40090513229370117
0.4324892461299896
0.37981271743774414
0.3680906891822815
0.37167733907699585
0.4020216763019562
0.3931846022605896
0.3784949779510498
0.37365689873695374
0.40139010548591614
0.364408940076828
0.4097808003425598
0.3816113770008087
0.3477325737476349
0.3989377021789551
0.42128854990005493
0.41236674785614014
0.3704041540622711
0.37307828664779663
0.37582242488861084
0.3491104245185852
0.4159507751464844
0.36915361881256104
0.3886021077632904
0.3710620105266571
0.38928481936454773
0.41640475392341614
0.3770189881324768
0.37240070104599
0.34060409665107727
0.3904113173484802
0.3723836839199066
0.38062340021133423
0.43194305896759033
0.39653417468070984
0.37226402759552
0.3652554750442505
0.36219263076782227
0.4345824718475342
0.400869756937027
0.40076255798339844
0.3607568144798279
0.3907870650291443
0.37379777431488037
0.40210941433906555
0.4404035210609436
0.39033079147338867
0.37711045145988464
0.41559037566185
0.3766469359397888
0.4150782823562622
0.3800208568572998
0.38498806953430176
0.3746798038482666
0.33690282702445984
0.3870081305503845
0.36899134516716003
0.4053552746772766
0.38814854621887207
0.3718125820159912
0.35481637716293335
0.37798750400543213
0.39346370100975037
0.41431906819343567
0.3751521110534668
0.3689248859882355
0.3823641538619995
0.40137726068496704
0.43651247024536133
0.3831411600112915
0.3654823899269104
0.36351248621940613
0.37009450793266296
0.3898497223854065
0.3884868323802948
0.4461628794670105
0.35816213488578796
0.3601023256778717
0.38106009364128113
0.3633364140987396
0.36020514369010925
0.3475181460380554
0.34967246651649475
0.42052286863327026
0.3626224100589752
0.36813250184059143
0.365311861038208
0.3875543475151062
0.3701457977294922
0.38447248935699463
0.3992137312889099
0.3966673016548157
0.39317619800567627
0.36652424931526184
0.3897921144962311
0.33212515711784363
0.3865443468093872
0.3728104531764984
0.3681778907775879
0.3721432089805603
0.3395932614803314
0.3576561212539673
0.3652098476886749
0.3810189962387085
0.4219515025615692
0.351622611284256
0.3640865087509155
0.4112335443496704
0.3458995223045349
0.3528256416320801
0.39055073261260986
0.3575683832168579
0.38016605377197266
0.37306368350982666
0.37564966082572937
0.39155113697052
0.35070857405662537
0.34197962284088135
0.3464551866054535
0.34984755516052246
0.3978452980518341
0.39585012197494507
0.4054231345653534
0.3983069658279419
0.41281577944755554
0.3887586295604706
0.3910748362541199
0.34618303179740906
0.36998793482780457
0.35616207122802734
0.3931270241737366
0.3935787081718445
0.407481849193573
0.3862425684928894
0.3720519244670868
0.3862060308456421
0.3769891858100891
0.3286188244819641
0.37298035621643066
0.38298073410987854
0.37949302792549133
0.3895198702812195
0.35870450735092163
0.347374826669693
0.37751930952072144
0.3384891152381897
0.4173850119113922
0.3508031368255615
0.4129234552383423
0.34170758724212646
0.3943602740764618
0.3533995449542999
0.35155895352363586
0.39646148681640625
0.39842623472213745
0.391486257314682
0.3593558967113495
0.34495705366134644
0.3429243564605713
0.3574167490005493
0.3435935080051422
0.3440822958946228
0.39802953600883484
0.37433159351348877
0.3583003878593445
0.3742717206478119
0.3980952799320221
0.36331111192703247
0.3495119512081146
0.3561127185821533
0.39088159799575806
0.3430526852607727
0.37955164909362793
0.38047000765800476
0.3797845244407654
0.37636205554008484
0.32803285121917725
0.37485331296920776
0.39634808897972107
0.32266896963119507
0.34927597641944885
0.4045252501964569
0.3599334955215454
0.3572661578655243
0.3812709450721741
0.3185042440891266
0.3560274839401245
0.3928185999393463
0.3957456648349762
0.42212194204330444
0.3797534108161926
0.38761863112449646
0.36621755361557007
0.36980944871902466
0.3785381019115448
0.36622849106788635
0.3329281508922577
0.3662639856338501
0.3723258376121521
0.37102794647216797
0.3769777715206146
0.3296210467815399
0.3481085002422333
0.37771883606910706
0.3527296483516693
0.3715262711048126
0.375036358833313
0.36089304089546204
0.3404335677623749
0.3722611963748932
0.40740475058555603
0.34707117080688477
0.3843238353729248
0.36425161361694336
0.3769146502017975
0.3609350025653839
0.3554050028324127
0.3521818518638611
0.3439193367958069
0.3998578190803528
0.35461387038230896
0.3801904022693634
0.3628736138343811
0.34702005982398987
0.3806847631931305
0.37198910117149353
0.3774644136428833
0.39146706461906433
0.38515862822532654
0.3761603534221649
0.3784974217414856
0.35499051213264465
0.3939431607723236
0.4265696406364441
0.36350294947624207
0.40020105242729187
0.36918386816978455
0.37743911147117615
0.37984561920166016
0.3361884355545044
0.38120776414871216
0.41280966997146606
0.3804340362548828
0.3158930242061615
0.3691096603870392
0.3450610041618347
0.34088781476020813
0.32940030097961426
0.3373015820980072
0.3520554304122925
0.3322499692440033
0.3824322521686554
0.36902916431427
0.33953309059143066
0.4035153388977051
0.36935120820999146
0.3099026679992676
0.33460697531700134
0.3567194938659668
0.3793690800666809
0.35909536480903625
0.34855303168296814
0.3806045353412628
0.36351478099823
0.34920865297317505
0.3354756236076355
0.33842578530311584
0.35389864444732666
0.37147220969200134
0.35779425501823425
0.3528682291507721
0.34716635942459106
0.3621606230735779
0.35750073194503784
0.3515292704105377
0.389492392539978
0.3584863841533661
0.3297659456729889
0.33567583560943604
0.3737625181674957
0.4259815514087677
0.34903404116630554
0.3407972753047943
0.3689684569835663
0.37273576855659485
0.3594582974910736
0.3345176577568054
0.3646652400493622
0.35462671518325806
0.3568059504032135
0.35311707854270935
0.37339845299720764
0.4008612334728241
0.45090869069099426
0.37412911653518677
0.3626634478569031
0.35966363549232483
0.35230010747909546
0.3207989037036896
0.3374038636684418
0.3900134265422821
0.3337651193141937
0.3388371467590332
0.34483689069747925
0.36852747201919556
0.3057871460914612
0.3560992181301117
0.3302995562553406
0.37414151430130005
0.37084782123565674
0.39520061016082764
0.35800862312316895
0.3290177583694458
0.3748694062232971
0.3405492305755615
0.3596402704715729
0.3724260628223419
0.3404654264450073
0.3933231830596924
0.3466556668281555
0.34099122881889343
0.3201785385608673
0.34169110655784607
0.3567460775375366
0.3428093492984772
0.3570854663848877
0.40596264600753784
0.35752496123313904
0.3704933822154999
0.35712581872940063
0.3302355706691742
0.31612834334373474
0.3428507149219513
0.3635227382183075
0.34041932225227356
0.3245094120502472
0.32484516501426697
0.36650946736335754
0.34513115882873535
0.3294226825237274
0.35727667808532715
0.3695252239704132
0.37944430112838745
0.3421737551689148
0.3351041376590729
0.3160844147205353
0.3251553773880005
0.3313865661621094
0.3237760663032532
0.33663758635520935
0.35376423597335815
0.36597195267677307
0.31212660670280457
0.32892167568206787
0.2809586822986603
0.38030508160591125
0.37834838032722473
0.33865684270858765
0.34677430987358093
0.33021751046180725
0.344852089881897
0.3326990604400635
0.32291656732559204
0.3263694941997528