7.209316730499268
7.100308418273926
6.98789644241333
6.888151168823242
6.733783721923828
6.618105411529541
6.502978801727295
6.410646915435791
6.212589263916016
6.07896614074707
5.951430320739746
5.738959789276123
5.6177849769592285
5.556638240814209
5.343832492828369
5.306334495544434
5.110035419464111
5.112900733947754
5.0208210945129395
5.05963134765625
5.040785312652588
4.97471284866333
4.920928478240967
4.825504302978516
4.860966682434082
4.8462443351745605
4.7377448081970215
4.713033199310303
4.683712482452393
4.9142069816589355
4.652286529541016
4.800895690917969
4.6263580322265625
4.823634147644043
4.649020195007324
4.539536952972412
4.490835189819336
4.671672344207764
4.687378883361816
4.605032920837402
4.440550327301025
4.429060935974121
4.593168258666992
4.583287239074707
4.338894844055176
4.614724159240723
4.504669666290283
4.44677734375
4.351100921630859
4.388714790344238
4.454941272735596
4.335521221160889
4.330356597900391
4.518747329711914
4.362234592437744
4.319942474365234
4.33297872543335
4.304872512817383
4.426595211029053
4.263941287994385
4.300842761993408
4.159730434417725
4.281047821044922
4.380026340484619
4.3970441818237305
4.180047035217285
4.37534761428833
4.1829094886779785
4.1970319747924805
4.150496482849121
4.236942768096924
4.074395179748535
4.159339427947998
4.02173376083374
4.064652919769287
4.104506492614746
3.9322264194488525
4.431493759155273
4.084652900695801
4.166594505310059
4.086106777191162
4.152640342712402
4.1212568283081055
4.066258430480957
4.074192047119141
3.9943273067474365
3.9930760860443115
4.032289028167725
4.0159759521484375
3.8764805793762207
3.9613423347473145
3.884359359741211
3.8952560424804688
3.9096806049346924
3.8414902687072754
3.908104419708252
3.791948080062866
3.8829095363616943
3.91550350189209
3.9904589653015137
3.770564556121826
3.916311264038086
3.8632113933563232
3.8056039810180664
3.8227412700653076
3.7358345985412598
3.952277421951294
3.8360722064971924
3.799431085586548
3.786255359649658
3.6401236057281494
3.671091318130493
3.9450809955596924
3.9417049884796143
3.717373847961426
3.7591042518615723
3.634479522705078
3.831552743911743
3.835263252258301
3.6975061893463135
3.842843770980835
3.7220733165740967
3.655836582183838
3.7924270629882812
3.568474531173706
3.738795280456543
3.8519275188446045
3.6859257221221924
3.7135210037231445
3.8532822132110596
3.7981114387512207
3.572756767272949
3.67952823638916
3.830899715423584
3.6301848888397217
3.5655527114868164
3.5871670246124268
3.6020119190216064
3.6676411628723145
3.6924335956573486
3.5742740631103516
3.653703212738037
3.5521585941314697
3.525599718093872
3.6507725715637207
3.5727434158325195
3.6519691944122314
3.5221965312957764
3.5495963096618652
3.60357928276062
3.6003763675689697
3.4747607707977295
3.592280864715576
3.527557611465454
3.49127459526062
3.405618190765381
3.4782068729400635
3.3191628456115723
3.3933334350585938
3.5816402435302734
3.539677143096924
3.5009231567382812
3.4840524196624756
3.340930223464966
3.3733341693878174
3.4780876636505127
3.3156168460845947
3.45485258102417
3.577331304550171
3.263484477996826
3.2975268363952637
3.380821466445923
3.3325355052948
3.546595573425293
3.270494222640991
3.4444401264190674
3.4081194400787354
3.3199756145477295
3.2604401111602783
3.2562758922576904
3.515254020690918
3.3209874629974365
3.324180841445923
3.189134359359741
3.413450002670288
3.3384997844696045
3.3064935207366943
3.22538423538208
3.2227301597595215
3.3045456409454346
3.3986501693725586
3.281404733657837
3.2872796058654785
3.218435049057007
3.2750720977783203
3.2493209838867188
3.2429065704345703
3.252650260925293
3.323885440826416
3.4068708419799805
3.12690806388855
3.1536238193511963
3.218047618865967
3.4402642250061035
3.2900476455688477
3.3147456645965576
3.3291802406311035
3.298428535461426
3.1949422359466553
3.1040196418762207
3.239203453063965
3.2062196731567383
3.233126163482666
3.1911203861236572
3.1400768756866455
3.0129780769348145
3.067003011703491
3.1154236793518066
3.2756423950195312
2.9641921520233154
3.011024236679077
3.007401704788208
3.03088116645813
3.137493133544922
3.0873804092407227
3.1590988636016846
3.1091933250427246
2.9843833446502686
3.300511598587036
3.0439906120300293
3.011749029159546
3.0623250007629395
3.189180374145508
3.1956136226654053
3.1008636951446533
3.014007329940796
3.009648323059082
2.998142957687378
3.0496606826782227
3.0806851387023926
3.1501002311706543
2.9839088916778564
2.932534694671631
3.0826423168182373
3.0687460899353027
3.03560733795166
2.8954555988311768
3.101583957672119
2.9447405338287354
3.0360045433044434
2.939993381500244
3.1212058067321777
2.998586893081665
2.8917434215545654
2.9002511501312256
2.898179769515991
2.867417812347412
2.785256862640381
2.958514451980591
2.9876604080200195
2.6800715923309326
2.893655776977539
2.888093948364258
2.7946794033050537
2.8559298515319824
2.96836256980896
2.954043388366699
2.768111228942871
2.72685170173645
2.855619192123413
2.9671149253845215
2.763867139816284
2.8445441722869873
2.878535509109497
2.4768481254577637
2.8973562717437744
2.85591721534729
2.804269313812256
2.7835426330566406
2.9660580158233643
2.79028058052063
2.9203922748565674
2.943922519683838
2.9107110500335693
2.79396390914917
2.8672444820404053
2.644085645675659
2.7493627071380615
2.740107774734497
2.5782833099365234
2.9365594387054443
2.7148048877716064
2.827608823776245
2.7828972339630127
2.6620945930480957
2.6977195739746094
2.7459402084350586
2.758929491043091
2.827404022216797
2.7957041263580322
2.6536214351654053
2.599867105484009
2.7515413761138916
2.7195072174072266
2.76654314994812
2.5457019805908203
2.8474721908569336
2.6554064750671387
2.618553638458252
2.7849280834198
2.7607293128967285
2.6695706844329834
2.6127853393554688
2.4270644187927246
2.7221286296844482
2.6604883670806885
2.5964789390563965
2.728058099746704
2.5957443714141846
2.6634647846221924
2.6431984901428223
2.6207222938537598
2.507779121398926
2.855426549911499
2.7331833839416504
2.6024320125579834
2.5764315128326416
2.5861544609069824
2.5599589347839355
2.5586862564086914
2.4023516178131104
2.5335257053375244
2.5192651748657227
2.537473678588867
2.620753288269043
2.607510805130005
2.5802040100097656
2.589407205581665
2.509296417236328
2.4304308891296387
2.53899884223938
2.3441579341888428
2.375471353530884
2.4715068340301514
2.5274972915649414
2.4637436866760254
2.5994224548339844
2.447920799255371
2.4418249130249023
2.5884687900543213
2.5558266639709473
2.441885232925415
2.233509063720703
2.512270927429199
2.4418396949768066
2.344910144805908
2.6225030422210693
2.4828193187713623
2.392207145690918
2.579584836959839
2.471445322036743
2.4753990173339844
2.4934165477752686
2.3960537910461426
2.4023895263671875
2.3423469066619873
2.4667606353759766
2.5110790729522705
2.3301591873168945
2.3801140785217285
2.4541594982147217
2.418682813644409
2.3365187644958496
2.2612719535827637
2.4518213272094727
2.554159641265869
2.423891544342041
2.441216230392456
2.429058074951172
2.4365198612213135
2.3391895294189453
2.2118895053863525
2.3056674003601074
2.480361223220825
2.5265464782714844
2.3547184467315674
2.3116886615753174
2.3222906589508057
2.195937156677246
2.240903615951538
2.4290502071380615
2.325284957885742
2.265899658203125
2.471177101135254
2.324079751968384
2.4123003482818604
2.2462961673736572
2.264716863632202
2.264416217803955
2.2279622554779053
2.249924898147583
2.3185977935791016
2.2069170475006104
2.224191427230835
2.1552646160125732
2.370161771774292
2.0764224529266357
2.2091622352600098
2.2836241722106934
2.2176530361175537
2.2152535915374756
2.1885037422180176
2.1649210453033447
2.1274335384368896
2.1382906436920166
2.0778255462646484
2.2587411403656006
2.0646841526031494
2.293356418609619
2.138458490371704
2.249419689178467
2.265810251235962
2.1733450889587402
2.1106178760528564
2.275533437728882
2.0747036933898926
2.2290256023406982
2.1353507041931152
2.309133768081665
2.2836391925811768
2.1441495418548584
2.224247694015503
2.1991846561431885
1.993056297302246
2.1514317989349365
2.0508437156677246
2.148970365524292
2.141643762588501
2.1206467151641846
1.9594595432281494
2.134004592895508
1.9983572959899902
2.1015255451202393
1.9775197505950928
2.1511356830596924
2.1615047454833984
2.25612211227417
1.995564341545105
2.080383777618408
2.0602126121520996
2.0376553535461426
2.1490795612335205
2.005444288253784
2.1459107398986816
2.0735409259796143
2.0778353214263916
2.0264573097229004
2.0874390602111816
2.0905966758728027
1.939018726348877
2.1394028663635254
1.9463154077529907
2.0807387828826904
1.922566294670105
2.0321004390716553
1.9271761178970337
1.9547401666641235
1.8068126440048218
1.973919153213501
1.8526753187179565
2.0188393592834473
2.0253772735595703
1.9948309659957886
2.020850658416748
1.93118417263031
1.9448223114013672
1.9538170099258423
2.018632411956787
1.9714096784591675
1.9825396537780762
1.8807798624038696
1.9087058305740356
1.96462082862854
1.9433141946792603
1.9634673595428467
1.893145203590393
2.0025722980499268
2.01204252243042
1.8785203695297241
2.0218310356140137
1.8607841730117798
1.881117582321167
1.7771450281143188
1.8431538343429565
1.8708714246749878
1.9791730642318726
1.8496649265289307
1.886867642402649
1.7988189458847046
2.0219945907592773
1.7246853113174438
1.9439139366149902
1.8416855335235596
1.9493557214736938
1.8637210130691528
1.802629828453064
1.7833455801010132
1.813920259475708
1.825258731842041
1.8703397512435913
1.8774089813232422
1.8166204690933228
1.83780038356781
1.7326886653900146
1.9097098112106323
1.859179139137268
1.7238088846206665
1.7321633100509644
1.8124568462371826
1.882931113243103
1.8525673151016235
1.6952483654022217
1.8275113105773926
1.754598617553711
1.762683629989624
1.9293725490570068
1.7484098672866821
1.7720403671264648
1.757185935974121
1.8477519750595093
1.732114553451538
1.7057585716247559
1.7627803087234497
1.6375138759613037
1.781396746635437
1.5596078634262085
1.726923942565918
1.8248274326324463
1.655456781387329
1.8287527561187744
1.733663558959961
1.7039096355438232
1.7557873725891113
1.8020880222320557
1.928482174873352
1.7318122386932373
1.6807855367660522
1.7010176181793213
1.7558330297470093
1.6951236724853516
1.8128209114074707
1.656140685081482
1.7093632221221924
1.6111781597137451
1.8270536661148071
1.6585317850112915
1.7862262725830078
1.6388890743255615
1.7353402376174927
1.6672468185424805
1.6575723886489868
1.6657421588897705
1.5713175535202026
1.7427263259887695
1.5754696130752563
1.669804334640503
1.5687944889068604
1.7042865753173828
1.6683721542358398
1.6654170751571655
1.5350258350372314
1.7040026187896729
1.5851726531982422
1.5832314491271973
1.545660376548767
1.5739258527755737
1.7012817859649658
1.5914826393127441
1.534741759300232
1.581762671470642
1.7350115776062012
1.505990982055664
1.6433751583099365
1.540523648262024
1.4990683794021606
1.6220290660858154
1.555809736251831
1.6993528604507446
1.5297611951828003
1.5538690090179443
1.6279606819152832
1.5947909355163574
1.5792328119277954
1.5681796073913574
1.475680947303772
1.5813977718353271
1.5879302024841309
1.5485739707946777
1.5132956504821777
1.600419044494629
1.4068455696105957
1.5442841053009033
1.4775991439819336
1.4693009853363037
1.4953439235687256
1.614279866218567
1.5033650398254395
1.5628364086151123
1.506920337677002
1.5756059885025024
1.5538876056671143
1.412979245185852
1.5183987617492676
1.545207142829895
1.3803859949111938
1.4614988565444946
1.6202178001403809
1.4275184869766235
1.3985369205474854
1.503079891204834
1.4613460302352905
1.5750672817230225
1.4888287782669067
1.3943138122558594
1.448922872543335
1.551878809928894
1.4222222566604614
1.4524940252304077
1.411885142326355
1.4539883136749268
1.4060862064361572
1.3777916431427002
1.420913577079773
1.4043772220611572
1.3152214288711548
1.5131893157958984
1.4114453792572021
1.4149726629257202
1.453959345817566
1.5944393873214722
1.4143476486206055
1.4662177562713623
1.3172693252563477
1.4512221813201904
1.4233498573303223
1.4086114168167114
1.4402437210083008
1.3686951398849487
1.3913533687591553
1.5536065101623535
1.4138351678848267
1.3489397764205933
1.4559099674224854
1.3142170906066895
1.3429629802703857
1.3488088846206665
1.3820592164993286
1.4620471000671387
1.384531855583191
1.5011507272720337
1.3211783170700073
1.2050034999847412
1.3817191123962402
1.3427841663360596
1.3947113752365112
1.3032618761062622
1.3903461694717407
1.2828059196472168
1.3415772914886475
1.4702086448669434
1.4419037103652954
1.3477685451507568
1.3661973476409912
1.3487976789474487
1.3478707075119019
1.3419413566589355
1.346639633178711
1.35612154006958
1.3109737634658813
1.3242895603179932
1.3360168933868408
1.3094706535339355
1.3067126274108887
1.2211408615112305
1.2915164232254028
1.3045872449874878
1.4409940242767334
1.2575923204421997
1.3057291507720947
1.2771990299224854
1.2818716764450073
1.252600073814392
1.2233619689941406
1.3464351892471313
1.2891563177108765
1.1618136167526245
1.3079501390457153
1.371639370918274
1.238745093345642
1.2911708354949951
1.208197832107544
1.4016070365905762
1.2771185636520386
1.2119264602661133
1.2918307781219482
1.2186158895492554
1.291489601135254
1.2937674522399902
1.2932720184326172
1.3081778287887573
1.2400550842285156
1.2894819974899292
1.287219524383545
1.1955236196517944
1.2976570129394531
1.1788381338119507
1.2616997957229614
1.2128920555114746
1.2721554040908813
1.2439299821853638
1.292556881904602
1.2984352111816406
1.2241718769073486
1.2074720859527588
1.2043302059173584
1.37527596950531
1.24307382106781
1.2938189506530762
1.2332037687301636
1.1908351182937622
1.3564893007278442
1.263780117034912
1.221101999282837
1.0478572845458984
1.2037228345870972
1.1580729484558105
1.2280830144882202
1.1912187337875366
1.1798638105392456
1.2722837924957275
1.1992757320404053
1.238755702972412
1.1660821437835693
1.1204686164855957
1.2834320068359375
1.1546611785888672
1.1990509033203125
1.1434857845306396
1.2608041763305664
1.1773512363433838
1.0633981227874756
1.12795090675354
1.1580480337142944
1.0594700574874878
1.1256963014602661
1.2006162405014038
1.1468099355697632
1.1697810888290405
1.1545237302780151
1.144627571105957
1.1271045207977295
1.112663984298706
1.1584869623184204
1.1661421060562134
1.049453854560852
1.1482276916503906
1.1363701820373535
1.1371469497680664
1.1170783042907715
1.1227227449417114
1.1518888473510742
1.13060462474823
1.1599098443984985
1.08881413936615
1.1559474468231201
1.087266206741333
1.1260124444961548
1.0892531871795654
1.0696805715560913
1.0936291217803955
1.0529142618179321
1.0886653661727905
1.179969072341919
0.9904966354370117
1.1558047533035278
1.1043087244033813
1.1217029094696045
1.1417676210403442
1.0753345489501953
1.0764752626419067
1.0597076416015625
1.2132383584976196
1.021241307258606
1.0917232036590576
1.1289074420928955
1.1515591144561768
1.1140034198760986
1.0279024839401245
1.03534996509552
1.0633234977722168
1.1217350959777832
1.1211360692977905
1.099817156791687
1.0367709398269653
1.0528392791748047
1.1003791093826294
1.0881227254867554
1.0312780141830444
0.9584028124809265
1.0369046926498413
1.127237319946289
1.0836771726608276
0.9976109862327576
1.0704083442687988
1.1357322931289673
1.0597443580627441
1.095335841178894
1.1135154962539673
1.069976568222046
1.0479552745819092
1.0640308856964111
0.9931697845458984
1.0365054607391357
0.9794896841049194
1.0220279693603516
1.0169751644134521
0.9839572906494141
0.9828099608421326
1.1628683805465698
1.0513808727264404
1.0418612957000732
1.033056378364563
0.9911170601844788
1.0325250625610352
1.0372239351272583
1.1008516550064087
1.0051090717315674
1.0173535346984863
0.9881709218025208
1.0330440998077393
1.0434635877609253
1.0780305862426758
0.9613619446754456
0.9719314575195312
1.0826259851455688
0.9107562303543091
0.997819721698761
1.0023757219314575
1.0512210130691528
1.0674841403961182
1.0229902267456055
1.0041539669036865
1.0384857654571533
1.0745933055877686
0.9756336212158203
0.941276490688324
0.9656999111175537
1.023592472076416
1.0516197681427002
0.923122763633728
1.02662193775177
1.0586527585983276
0.9468177556991577
1.070337176322937
0.9873827695846558
1.0134668350219727
0.9528828859329224
0.9378830790519714
0.915382981300354
0.9317356944084167
0.9205197095870972
0.9998464584350586
0.9753482937812805
0.9387643337249756
0.9874829053878784
1.0109957456588745
1.0239880084991455
1.0080046653747559
0.944314181804657
1.0244865417480469
0.9774746298789978
0.9056856036186218
0.9713848829269409
0.8867202997207642
0.9141082763671875
1.0014607906341553
0.9040748476982117
0.9699705243110657
0.8788316249847412
0.9634472727775574
0.9170416593551636
0.9099817872047424
0.9061638712882996
0.9900510907173157
0.9725193977355957
0.9816150069236755
0.9424043893814087
0.917473554611206
0.9239730834960938
0.8788586258888245
0.9135517477989197
0.9453937411308289
0.998426079750061
1.0024139881134033
0.881870448589325
0.8896895051002502
0.891727864742279
0.967036783695221
0.9296239018440247
0.8756353259086609
0.9509854316711426
0.9587620496749878
0.9060905575752258
0.9987324476242065
0.8580477237701416
0.9075629115104675
0.9533997178077698
0.9551143646240234
0.8608651161193848
0.942879855632782
0.9094220995903015
0.9313084483146667
0.9452858567237854
0.9408947825431824
0.9530441164970398
0.8845510482788086
0.9625558853149414
0.8787053823471069
0.8827511668205261
0.8391737341880798
0.8453278541564941
0.9129686951637268
0.8647189736366272
0.9413122534751892
0.9161122441291809
0.8942937254905701
0.8921287059783936
0.8870510458946228
0.9045782685279846
0.8434085845947266
0.8894220590591431
0.8137101531028748
0.8909001350402832
0.887280285358429
0.8011792898178101
0.8904541730880737
0.9153082966804504
0.9041122198104858
0.9473114013671875
0.8402020335197449
0.8009512424468994
0.830816924571991
0.8175976276397705
0.895302951335907
0.8549476861953735
0.8396977782249451
0.8734828233718872
0.8935646414756775
0.8385236263275146
0.8696774244308472
0.850181519985199
0.8266180753707886
0.963219165802002
0.918319821357727
0.7909199595451355
0.8796213269233704
0.8009452223777771
0.8272358179092407
0.9140461087226868
0.8522507548332214
0.8421776294708252
0.8035162687301636
0.894101619720459
0.9194843173027039
0.8391543030738831
0.8317604660987854
0.812355101108551
0.8721900582313538
0.81708163022995
0.8437031507492065
0.8307490944862366
0.8157271146774292
0.8215882778167725
0.8108998537063599
0.8296952843666077
0.754453182220459
0.8773998022079468
0.8854443430900574
0.8588634729385376
0.8030521273612976
0.7905867099761963
0.8489592671394348
0.8342030644416809
0.8506700396537781
0.8294859528541565
0.845392644405365
0.8196423053741455
0.8573061227798462
0.8449156880378723
0.8377217054367065
0.8358485698699951
0.8072865605354309
0.8585548400878906
0.8984354734420776
0.8241938352584839
0.8017818927764893
0.8376278877258301
0.8024767637252808
0.816978931427002
0.8319318890571594
0.7945388555526733
0.7828044295310974
0.8741335868835449
0.8171976804733276
0.8361475467681885
0.8074362277984619
0.8350955843925476
0.7708143591880798
0.8266814947128296
0.8037157654762268
0.8110921382904053
0.7529146075248718
0.7747390270233154
0.8147985935211182
0.827006459236145
0.8522508144378662
0.7946000099182129
0.8208464980125427
0.8235876560211182
0.7260897755622864
0.7576314806938171
0.7975932955741882
0.7947132587432861
0.8012844324111938
0.7716580629348755
0.7838047742843628
0.7963919043540955
0.7436522245407104
0.8251867890357971
0.7637903094291687
0.7704116702079773
0.75534588098526
0.7215102314949036
0.7256309986114502
0.8229426145553589
0.7651892304420471
0.7397704720497131
0.7866513729095459
0.7726374268531799
0.7588885426521301
0.7669208645820618
0.8174965381622314
0.7761467099189758
0.8320898413658142
0.7748106718063354
0.76409512758255
0.7833044528961182
0.740836501121521
0.8076710104942322
0.7487375140190125
0.7463670969009399
0.8000450134277344
0.768645167350769
0.8098515272140503
0.7905915379524231
0.7607999444007874
0.7351676821708679
0.7531803846359253
0.7882705926895142
0.7253115177154541
0.713177502155304
0.8006485104560852
0.7402132153511047
0.743331253528595
0.7866088151931763
0.7457680106163025
0.7985655069351196
0.7457984089851379
0.8077195882797241
0.7611657977104187
0.7281805872917175
0.7480309009552002
0.7518575191497803
0.7870739102363586
0.7360466122627258
0.7899788618087769
0.7391883730888367
0.7532949447631836
0.7854330539703369
0.7215659618377686
0.7259895205497742
0.7641244530677795
0.7401244044303894
0.76786208152771
0.7637001276016235
0.7788895964622498
0.7490055561065674
0.7452684640884399
0.7293729782104492
0.7151193022727966
0.7595848441123962
0.7484446167945862
0.7783584594726562
0.7410804629325867
0.7475665211677551
0.7826842069625854
0.8006243705749512
0.6783764362335205
0.7342589497566223
0.6958964467048645
0.7105603218078613
0.7259310483932495
0.716865599155426
0.7264319062232971
0.7074333429336548
0.7348992824554443
0.7460318803787231
0.6918380260467529
0.717527449131012
0.7652605175971985
0.7092926502227783
0.7140673398971558
0.7296819090843201
0.7532094717025757
0.7169616222381592
0.7566819787025452
0.7166857123374939
0.7401424646377563
0.7527234554290771
0.7699402570724487
0.7323187589645386
0.7230205535888672
0.7411333322525024
0.7041950225830078
0.7018715143203735
0.6767500638961792
0.6862695813179016
0.7250094413757324
0.7447541952133179
0.6895644068717957
0.7069942355155945
0.7576920390129089
0.6812487840652466
0.700796365737915
0.7275574803352356
0.7136920094490051
0.7055619955062866
0.7214733958244324
0.6769454479217529
0.6641481518745422
0.6670674085617065
0.7014831900596619
0.6717772483825684
0.7367266416549683
0.7082197666168213
0.6779292225837708
0.7020948529243469
0.7094218730926514
0.6813629865646362
0.6692916750907898
0.6927056312561035
0.6904537677764893
0.6897286772727966
0.7068397998809814
0.6986018419265747
0.6495980024337769
0.7076481580734253
0.7471203207969666
0.6763441562652588
0.6908390522003174
0.7136857509613037
0.6827244758605957
0.7396246194839478
0.7260181903839111
0.6639493703842163
0.6709995865821838
0.7137740254402161
0.6489489674568176
0.6342900991439819
0.7024353742599487
0.6809907555580139
0.6651026010513306
0.6934286952018738
0.6787487864494324
0.6958914399147034
0.7208601236343384
0.6536340713500977
0.6863709688186646
0.6871301531791687
0.6987649202346802
0.6627767086029053
0.6954375505447388
0.6305171847343445
0.6821795105934143
0.6324909925460815
0.6609931588172913
0.687660276889801
0.6837459802627563
0.6583356261253357
0.6629299521446228
0.7046695947647095
0.6856245398521423
0.6306766271591187
0.7389218211174011
0.6799211502075195
0.7113412022590637
0.6793744564056396
0.7339548468589783
0.696462869644165
0.695602536201477
0.7143784165382385
0.667543351650238
0.715084433555603
0.6921400427818298
0.6460739970207214
0.6246946454048157
0.6664696931838989
0.6259232759475708
0.6061891913414001
0.6901022791862488
0.6313509345054626
0.6855737566947937
0.6674485206604004
0.6586377024650574
0.6130095720291138
0.6536865234375
0.6933009624481201
0.6158256530761719
0.5977094173431396
0.6759018301963806
0.6449487209320068
0.6435909271240234
0.6495153903961182
0.6695754528045654
0.6619108319282532
0.617882490158081
0.6321223378181458
0.6733697652816772
0.6181427240371704
0.6137498021125793
0.6673880815505981
0.6467805504798889
0.673473060131073
0.6677365899085999
0.6798998117446899
0.6395329833030701
0.6821587085723877
0.6502406001091003
0.6326206922531128
0.610096275806427
0.6707533001899719
0.6446691751480103
0.628699541091919
0.6298719048500061
0.6450973153114319
0.5844964981079102
0.6094207167625427
0.6952682733535767
0.610999345779419
0.6174716949462891
0.6352206468582153
0.6347211003303528
0.6978930830955505
0.6427315473556519
0.6886398792266846
0.6471897959709167
0.6425651907920837
0.6431769728660583
0.6620134711265564
0.5974261164665222
0.5798224210739136
0.6480178236961365
0.6587864756584167
0.6168369054794312
0.6259760856628418
0.6310203075408936
0.6404351592063904
0.601748526096344
0.5890000462532043
0.6196858286857605
0.6308859586715698
0.6713289022445679
0.6434041857719421
0.614300012588501
0.6314090490341187
0.6201176643371582
0.637973964214325
0.6070690751075745
0.5934202671051025
0.6310459971427917
0.6169890761375427
0.6477727293968201
0.6587817668914795
0.6139273643493652
0.6438202857971191
0.6143712401390076
0.6236321926116943
0.6709170937538147
0.6803863048553467
0.5997158288955688
0.6107901930809021
0.6354262828826904
0.6035367250442505
0.6360187530517578
0.6150870323181152
0.6573889851570129
0.5945221781730652
0.6008684039115906
0.6110696196556091
0.6220356225967407
0.6470426321029663
0.6020485758781433
0.6351922154426575
0.6025927066802979
0.6096921563148499
0.5922764539718628
0.6496017575263977
0.6114872097969055
0.6118847131729126
0.5860239267349243
0.6820009350776672
0.560698926448822
0.6389967799186707
0.5836877226829529
0.6003498435020447
0.5860754251480103
0.6033778190612793
0.5862794518470764
0.6034554839134216
0.6027766466140747
0.6277182698249817
0.631827712059021
0.6057064533233643
0.6102269887924194
0.6388956904411316
0.6071019768714905
0.6530786156654358
0.6030755639076233
0.579350471496582
0.5761682987213135
0.5841518044471741
0.586648166179657
0.5842515826225281
0.5927910208702087
0.6040768623352051
0.6055567264556885
0.5898039937019348
0.6114961504936218
0.606269121170044
0.5822701454162598
0.5965731143951416
0.605729341506958
0.5734288692474365
0.6008545756340027
0.5776256322860718
0.593754231929779
0.6006753444671631
0.6225149035453796
0.5734941363334656
0.5930123925209045
0.624802827835083
0.6295937895774841
0.6042407751083374
0.5831743478775024
0.5989124178886414
0.5884605646133423
0.5594855546951294
0.6283292174339294
0.5738570094108582
0.6193071007728577
0.5883760452270508
0.5943709015846252
0.5798918604850769
0.5887260437011719
0.5502583980560303
0.6349444389343262
0.583043098449707
0.5748389363288879
0.5508118867874146
0.5718865394592285
0.5534713864326477
0.5793096423149109
0.616549551486969
0.6090267896652222
0.6008091568946838
0.5577207207679749
0.5264121294021606
0.5625178813934326
0.5535059571266174
0.6015969514846802
0.5979241728782654
0.5957581996917725
0.5900691151618958
0.5954240560531616
0.636438250541687
0.556747317314148
0.5715232491493225
0.5694402456283569
0.5906862616539001
0.5074772834777832
0.5644991397857666
0.5556689500808716
0.5485435128211975
0.5869041085243225
0.5579672455787659
0.5675576329231262
0.5842342376708984
0.6003211140632629
0.5822308659553528
0.5538938641548157
0.5852168798446655
0.6017027497291565
0.5718560814857483
0.5600612759590149
0.6312301158905029
0.5709924101829529
0.5591825842857361
0.6317619681358337
0.5406026840209961
0.5497030019760132
0.6087125539779663
0.561417281627655
0.5726854205131531
0.6017330288887024
0.552679717540741
0.5005730986595154
0.5926325917243958
0.5730805993080139
0.5552005171775818
0.5879186391830444
0.5864884257316589
0.5790654420852661
0.5556691884994507
0.5280275344848633
0.5497210621833801
0.5133808851242065
0.5380936861038208
0.601508378982544
0.5737064480781555
0.5690715312957764
0.5742627382278442
0.5523955225944519
0.5992245674133301
0.5780379176139832
0.5472596287727356
0.5408464074134827
0.5486495494842529
0.5348814725875854
0.550004780292511
0.5744980573654175
0.5746417045593262
0.5687875747680664
0.556535542011261
0.5600571036338806
0.6152132153511047
0.5249841213226318
0.5695681571960449
0.5581130981445312
0.5659537315368652
0.5559455156326294
0.5585902333259583
0.5627442002296448
0.5739231705665588
0.530917227268219
0.591968297958374
0.5826482772827148
0.5328288078308105
0.5437238812446594
0.5398005247116089
0.5551235675811768
0.5743545889854431
0.525541365146637
0.5462725758552551
0.5677219033241272
0.5364589095115662
0.5443844795227051
0.5571703314781189
0.545365035533905
0.5719943642616272
0.5527409911155701
0.5553088784217834
0.5736731886863708
0.5316464304924011
0.5357946157455444
0.5362436175346375
0.5223773121833801
0.5675407648086548
0.5062165856361389
0.5504099726676941
0.5751519203186035
0.5654175281524658
0.5320726037025452
0.531273365020752
0.5709206461906433
0.5716300010681152
0.5691785216331482
0.5644930601119995
0.5693439841270447
0.5242196917533875
0.5340728759765625