8.555486679077148
8.453886032104492
8.355030059814453
8.247751235961914
8.172430992126465
8.038800239562988
7.913755893707275
7.762192249298096
7.691965103149414
7.556396007537842
7.467394828796387
7.362470626831055
7.164854049682617
7.069433689117432
6.994433879852295
6.812159061431885
6.801115036010742
6.729187488555908
6.635281085968018
6.54826021194458
6.504133224487305
6.5150299072265625
6.532422065734863
6.508284568786621
6.446936130523682
6.437118053436279
6.43958854675293
6.388389587402344
6.450138568878174
6.501505374908447
6.44124698638916
6.297369003295898
6.374721527099609
6.505523681640625
6.338864803314209
6.349000930786133
6.394167900085449
6.602781295776367
6.501617431640625
6.437288284301758
6.321743488311768
6.495530605316162
6.331055164337158
6.405462265014648
6.434209823608398
6.295397758483887
6.429031848907471
6.367613315582275
6.282901287078857
6.388830184936523
6.371666431427002
6.250758171081543
6.314448356628418
6.402707576751709
6.301412582397461
6.317770481109619
6.264545440673828
6.399689674377441
6.3369340896606445
6.408363342285156
6.504001140594482
6.318225383758545
6.407519817352295
6.378663063049316
6.350348949432373
6.427395820617676
6.106164932250977
6.2426018714904785
6.228521823883057
6.360649585723877
6.376750469207764
6.353909015655518
6.311347484588623
6.251470565795898
6.342283248901367
6.3558268547058105
6.362504482269287
6.408836841583252
6.284424304962158
6.2527756690979