4.102556753158569
3.8194211959838866
3.528939628601074
3.148435592651367
3.094111442565918
2.9466368198394775
3.071163702011108
3.044607973098755
3.040604496002197
2.9831058979034424
2.8759052753448486
2.8742001056671143
2.9520736217498778
2.848175811767578
2.740590238571167
2.7753201961517333
2.7636919021606445
2.74062032699585
2.673301076889038
2.595366382598877
2.5962389945983886
2.5622182369232176
2.578445243835449
2.530782413482666
2.5060312271118166
2.387562131881714
2.445755624771118
2.4447378158569335
2.395685815811157
2.288077449798584
2.2626102447509764
2.205325126647949
2.24295973777771
2.2115338325500487
2.167947864532471
2.0814706802368166
2.1415992736816407
2.1032008647918703
2.029327917098999
1.9938401222229003
1.9846753120422362
1.917829942703247
1.949036192893982
1.9533380270004272
1.8366358280181885
1.8503442049026488
1.7584068059921265
1.8045622110366821
1.77602219581604
1.6916107654571533
1.7323174238204957
1.7099503755569458
1.6377277612686156
1.6196592330932618
1.592420268058777
1.5445802211761475
1.5653823137283325
1.5547614812850952
1.5112588167190553
1.4947890281677245
1.5226572275161743
1.421138882637024
1.432166290283203
1.4540295362472535
1.4106322526931763
1.349789834022522
1.272310733795166
1.3191990375518798
1.2987985610961914
1.219421911239624
1.2000161409378052
1.2337952375411987
1.2173463821411132
1.1538021326065064
1.0906248092651367
1.1335889220237731
1.0860153436660767
1.0358633756637574
1.0494175672531127
1.0643017053604127
0.9519985556602478
1.0280540347099305
1.0137412190437316
0.9820674657821655
0.9499151587486268
0.9236793041229248
0.9045016646385193
0.9053816556930542
0.9348357319831848
0.8764818906784058
0.8747168183326721
0.9027300000190734
0.8261755466461181
0.799853253364563
0.8068567037582397
0.7304544806480407
0.754924762248993
0.7066121220588684
0.7089287042617798
0.7376490116119385
0.6669700503349304
0.68078134059906
0.6533604145050049
0.6526204824447632
0.6544432282447815
0.6075138807296753
0.613493549823761
0.575472092628479
0.6006051659584045
0.5445710062980652
0.5710901856422425
0.5348844289779663
0.537895780801773
0.5740939021110535
0.5091270089149476
0.49070696234703065
0.4801199197769165
0.4837379217147827
0.4994123578071594
0.444946700334549
0.4938101291656494
0.47386886477470397
0.42089354395866396
0.4436704874038696
0.4014255225658417
0.39483560919761657
0.44159782528877256
0.4076185762882233
0.4025940001010895
0.36393316388130187
0.377252858877182
0.3784565031528473
0.3566934406757355
0.34831194281578065
0.323400217294693
0.3442316710948944
0.3603883028030396
0.3263126790523529
0.3203654646873474
0.32582035660743713
0.3080166280269623
0.2965272605419159
0.2912905752658844
0.2803067028522491
0.26151271164417267
0.25539488196372984
0.2896907150745392
0.266774395108223
0.26000275313854215
0.24837314188480378
0.26556175053119657
0.244338196516037
0.24323171377182007
0.24574842154979706
0.233777192234993
0.22542092204093933
0.21661295890808105
0.2271331012248993
0.20852746367454528
0.22365827560424806
0.19764265418052673
0.2077814072370529
0.19521979093551636
0.19431143403053283
0.1959369659423828
0.19101549983024596
0.18762688636779784
0.1906723350286484
0.16805154383182525
0.16577348709106446
0.18988134562969208
0.15956759452819824
0.170492085814476
0.1489062637090683
0.15238203704357148
0.1622418463230133
0.15555807948112488
0.1430944785475731
0.15085850059986114
0.13527335375547409
0.15271734297275544
0.13634392619132996
0.14178551733493805
0.1368374064564705
0.13727158308029175
0.14057491719722748
0.12994152754545213
0.14324396401643752
0.13094860017299653
0.11233452409505844
0.12075878381729126
0.1148754596710205
0.11212910413742065
0.1153876468539238
0.10628171414136886
0.11497480571269988
0.10768813788890838
0.1104043185710907
0.1040548861026764
0.10710515081882477